spectral_feature_1,spectral_feature_2,spectral_feature_3,spectral_feature_4,spectral_feature_5,spectral_feature_6,spectral_feature_7,spectral_feature_8,spectral_feature_9,spectral_feature_10,spectral_feature_11,spectral_feature_12,spectral_feature_13,spectral_feature_14,spectral_feature_15,spectral_feature_16,spectral_feature_17,spectral_feature_18,spectral_feature_19,spectral_feature_20,spectral_feature_21,spectral_feature_22,spectral_feature_23,spectral_feature_24,spectral_feature_25,spectral_feature_26,spectral_feature_27,spectral_feature_28,spectral_feature_29,spectral_feature_30,spectral_feature_31,spectral_feature_32,spectral_feature_33,spectral_feature_34,spectral_feature_35,spectral_feature_36,spectral_feature_37,spectral_feature_38,spectral_feature_39,spectral_feature_40,spectral_feature_41,spectral_feature_42,spectral_feature_43,spectral_feature_44,spectral_feature_45,spectral_feature_46,spectral_feature_47,spectral_feature_48,spectral_feature_49,spectral_feature_50,spectral_feature_51,spectral_feature_52,spectral_feature_53,spectral_feature_54,spectral_feature_55,spectral_feature_56,spectral_feature_57,spectral_feature_58,spectral_feature_59,spectral_feature_60,spectral_feature_61,spectral_feature_62,spectral_feature_63,spectral_feature_64,spectral_feature_65,spectral_feature_66,spectral_feature_67,spectral_feature_68,spectral_feature_69,spectral_feature_70,spectral_feature_71,spectral_feature_72,spectral_feature_73,spectral_feature_74,spectral_feature_75,spectral_feature_76,spectral_feature_77,spectral_feature_78,spectral_feature_79,spectral_feature_80,spectral_feature_81,spectral_feature_82,spectral_feature_83,spectral_feature_84,spectral_feature_85,spectral_feature_86,spectral_feature_87,spectral_feature_88,spectral_feature_89,spectral_feature_90,spectral_feature_91,spectral_feature_92,spectral_feature_93,spectral_feature_94,spectral_feature_95,spectral_feature_96,spectral_feature_97,spectral_feature_98,spectral_feature_99,spectral_feature_100,spectral_feature_101,spectral_feature_102,spectral_feature_103,spectral_feature_104,spectral_feature_105,spectral_feature_106,spectral_feature_107,spectral_feature_108,spectral_feature_109,spectral_feature_110,spectral_feature_111,spectral_feature_112,spectral_feature_113,spectral_feature_114,spectral_feature_115,spectral_feature_116,spectral_feature_117,spectral_feature_118,spectral_feature_119,spectral_feature_120,spectral_feature_121,spectral_feature_122,spectral_feature_123,spectral_feature_124,spectral_feature_125,spectral_feature_126,spectral_feature_127,spectral_feature_128,spectral_feature_129,spectral_feature_130,spectral_feature_131,spectral_feature_132,spectral_feature_133,spectral_feature_134,spectral_feature_135,spectral_feature_136,spectral_feature_137,spectral_feature_138,spectral_feature_139,spectral_feature_140,spectral_feature_141,spectral_feature_142,spectral_feature_143,spectral_feature_144,spectral_feature_145,spectral_feature_146,spectral_feature_147,spectral_feature_148,spectral_feature_149,spectral_feature_150,spectral_feature_151,spectral_feature_152,spectral_feature_153,spectral_feature_154,spectral_feature_155,spectral_feature_156,spectral_feature_157,spectral_feature_158,spectral_feature_159,spectral_feature_160,spectral_feature_161,spectral_feature_162,spectral_feature_163,spectral_feature_164,spectral_feature_165,spectral_feature_166,spectral_feature_167,spectral_feature_168,spectral_feature_169,spectral_feature_170,spectral_feature_171,spectral_feature_172,spectral_feature_173,spectral_feature_174,spectral_feature_175,spectral_feature_176,spectral_feature_177,spectral_feature_178,spectral_feature_179,spectral_feature_180,spectral_feature_181,spectral_feature_182,spectral_feature_183,spectral_feature_184,spectral_feature_185,spectral_feature_186,spectral_feature_187,spectral_feature_188,spectral_feature_189,spectral_feature_190,spectral_feature_191,spectral_feature_192,spectral_feature_193,spectral_feature_194,spectral_feature_195,spectral_feature_196,spectral_feature_197,spectral_feature_198,spectral_feature_199,spectral_feature_200,spectral_feature_201,spectral_feature_202,spectral_feature_203,spectral_feature_204,spectral_feature_205,spectral_feature_206,spectral_feature_207,spectral_feature_208,spectral_feature_209,spectral_feature_210,spectral_feature_211,spectral_feature_212,spectral_feature_213,spectral_feature_214,spectral_feature_215,spectral_feature_216,spectral_feature_217,spectral_feature_218,spectral_feature_219,spectral_feature_220,spectral_feature_221,spectral_feature_222,spectral_feature_223,spectral_feature_224,spectral_feature_225,spectral_feature_226,spectral_feature_227,spectral_feature_228,spectral_feature_229,spectral_feature_230,spectral_feature_231,spectral_feature_232,spectral_feature_233,spectral_feature_234,spectral_feature_235,spectral_feature_236,spectral_feature_237,spectral_feature_238,spectral_feature_239,spectral_feature_240,spectral_feature_241,spectral_feature_242,spectral_feature_243,spectral_feature_244,spectral_feature_245,spectral_feature_246,spectral_feature_247,spectral_feature_248,spectral_feature_249,spectral_feature_250,spectral_feature_251,spectral_feature_252,spectral_feature_253,spectral_feature_254,spectral_feature_255,spectral_feature_256,spectral_feature_257,spectral_feature_258,spectral_feature_259,spectral_feature_260,spectral_feature_261,spectral_feature_262,spectral_feature_263,spectral_feature_264,spectral_feature_265,spectral_feature_266,spectral_feature_267,spectral_feature_268,spectral_feature_269,spectral_feature_270,spectral_feature_271,spectral_feature_272,spectral_feature_273,spectral_feature_274,spectral_feature_275,spectral_feature_276,spectral_feature_277,spectral_feature_278,spectral_feature_279,spectral_feature_280,spectral_feature_281,spectral_feature_282,spectral_feature_283,spectral_feature_284,spectral_feature_285,spectral_feature_286,spectral_feature_287,spectral_feature_288,spectral_feature_289,spectral_feature_290,spectral_feature_291,spectral_feature_292,spectral_feature_293,spectral_feature_294,spectral_feature_295,spectral_feature_296,spectral_feature_297,spectral_feature_298,spectral_feature_299,spectral_feature_300,spectral_feature_301,spectral_feature_302,spectral_feature_303,spectral_feature_304,spectral_feature_305,spectral_feature_306,spectral_feature_307,spectral_feature_308,spectral_feature_309,spectral_feature_310,spectral_feature_311,spectral_feature_312,spectral_feature_313,spectral_feature_314,spectral_feature_315,spectral_feature_316,spectral_feature_317,spectral_feature_318,spectral_feature_319,spectral_feature_320,spectral_feature_321,spectral_feature_322,spectral_feature_323,spectral_feature_324,spectral_feature_325,spectral_feature_326,spectral_feature_327,spectral_feature_328,spectral_feature_329,spectral_feature_330,spectral_feature_331,spectral_feature_332,spectral_feature_333,spectral_feature_334,spectral_feature_335,spectral_feature_336,spectral_feature_337,spectral_feature_338,spectral_feature_339,spectral_feature_340,spectral_feature_341,spectral_feature_342,spectral_feature_343,spectral_feature_344,spectral_feature_345,spectral_feature_346,spectral_feature_347,spectral_feature_348,spectral_feature_349,spectral_feature_350,spectral_feature_351,spectral_feature_352,spectral_feature_353,spectral_feature_354,spectral_feature_355,spectral_feature_356,spectral_feature_357,spectral_feature_358,spectral_feature_359,spectral_feature_360,spectral_feature_361,spectral_feature_362,spectral_feature_363,spectral_feature_364,spectral_feature_365,spectral_feature_366,spectral_feature_367,spectral_feature_368,spectral_feature_369,spectral_feature_370,spectral_feature_371,spectral_feature_372,spectral_feature_373,spectral_feature_374,spectral_feature_375,spectral_feature_376,spectral_feature_377,spectral_feature_378,spectral_feature_379,spectral_feature_380,spectral_feature_381,spectral_feature_382,spectral_feature_383,spectral_feature_384,spectral_feature_385,spectral_feature_386,spectral_feature_387,spectral_feature_388,spectral_feature_389,spectral_feature_390,spectral_feature_391,spectral_feature_392,spectral_feature_393,spectral_feature_394,spectral_feature_395,spectral_feature_396,spectral_feature_397,spectral_feature_398,spectral_feature_399,spectral_feature_400,spectral_feature_401,spectral_feature_402,spectral_feature_403,spectral_feature_404,spectral_feature_405,spectral_feature_406,spectral_feature_407,spectral_feature_408,spectral_feature_409,spectral_feature_410,spectral_feature_411,spectral_feature_412,spectral_feature_413,spectral_feature_414,spectral_feature_415,spectral_feature_416,spectral_feature_417,spectral_feature_418,spectral_feature_419,spectral_feature_420,spectral_feature_421,spectral_feature_422,spectral_feature_423,spectral_feature_424,spectral_feature_425,spectral_feature_426,spectral_feature_427,spectral_feature_428,spectral_feature_429,spectral_feature_430,spectral_feature_431,spectral_feature_432,spectral_feature_433,spectral_feature_434,spectral_feature_435,spectral_feature_436,spectral_feature_437,spectral_feature_438,spectral_feature_439,spectral_feature_440,spectral_feature_441,spectral_feature_442,spectral_feature_443,spectral_feature_444,spectral_feature_445,spectral_feature_446,spectral_feature_447,spectral_feature_448,spectral_feature_449,spectral_feature_450,spectral_feature_451,spectral_feature_452,spectral_feature_453,spectral_feature_454,spectral_feature_455,spectral_feature_456,spectral_feature_457,spectral_feature_458,spectral_feature_459,spectral_feature_460,spectral_feature_461,spectral_feature_462,spectral_feature_463,spectral_feature_464,spectral_feature_465,spectral_feature_466,spectral_feature_467,spectral_feature_468,spectral_feature_469,spectral_feature_470,spectral_feature_471,spectral_feature_472,spectral_feature_473,spectral_feature_474,spectral_feature_475,spectral_feature_476,spectral_feature_477,spectral_feature_478,spectral_feature_479,spectral_feature_480,spectral_feature_481,spectral_feature_482,spectral_feature_483,spectral_feature_484,spectral_feature_485,spectral_feature_486,spectral_feature_487,spectral_feature_488,spectral_feature_489,spectral_feature_490,spectral_feature_491,spectral_feature_492,spectral_feature_493,spectral_feature_494,spectral_feature_495,spectral_feature_496,spectral_feature_497,spectral_feature_498,spectral_feature_499,spectral_feature_500,spectral_feature_501,spectral_feature_502,spectral_feature_503,spectral_feature_504,spectral_feature_505,spectral_feature_506,spectral_feature_507,spectral_feature_508,spectral_feature_509,spectral_feature_510,spectral_feature_511,spectral_feature_512,spectral_feature_513,spectral_feature_514,spectral_feature_515,spectral_feature_516,spectral_feature_517,spectral_feature_518,spectral_feature_519,spectral_feature_520,spectral_feature_521,spectral_feature_522,spectral_feature_523,spectral_feature_524,spectral_feature_525,spectral_feature_526,spectral_feature_527,spectral_feature_528,spectral_feature_529,spectral_feature_530,spectral_feature_531,spectral_feature_532,spectral_feature_533,spectral_feature_534,spectral_feature_535,spectral_feature_536,spectral_feature_537,spectral_feature_538,spectral_feature_539,spectral_feature_540,spectral_feature_541,spectral_feature_542,spectral_feature_543,spectral_feature_544,spectral_feature_545,spectral_feature_546,spectral_feature_547,spectral_feature_548,spectral_feature_549,spectral_feature_550,spectral_feature_551,spectral_feature_552,spectral_feature_553,spectral_feature_554,spectral_feature_555,spectral_feature_556,spectral_feature_557,spectral_feature_558,spectral_feature_559,spectral_feature_560,spectral_feature_561,spectral_feature_562,spectral_feature_563,spectral_feature_564,spectral_feature_565,spectral_feature_566,spectral_feature_567,spectral_feature_568,spectral_feature_569,spectral_feature_570,spectral_feature_571,spectral_feature_572,spectral_feature_573,spectral_feature_574,spectral_feature_575,spectral_feature_576,spectral_feature_577,spectral_feature_578,spectral_feature_579,spectral_feature_580,spectral_feature_581,spectral_feature_582,spectral_feature_583,spectral_feature_584,spectral_feature_585,spectral_feature_586,spectral_feature_587,spectral_feature_588,spectral_feature_589,spectral_feature_590,spectral_feature_591,spectral_feature_592,spectral_feature_593,spectral_feature_594,spectral_feature_595,spectral_feature_596,spectral_feature_597,spectral_feature_598,spectral_feature_599,spectral_feature_600,spectral_feature_601,spectral_feature_602,spectral_feature_603,spectral_feature_604,spectral_feature_605,spectral_feature_606,spectral_feature_607,spectral_feature_608,spectral_feature_609,spectral_feature_610,spectral_feature_611,spectral_feature_612,spectral_feature_613,spectral_feature_614,spectral_feature_615,spectral_feature_616,spectral_feature_617,spectral_feature_618,spectral_feature_619,spectral_feature_620,spectral_feature_621,spectral_feature_622,spectral_feature_623,spectral_feature_624,spectral_feature_625,spectral_feature_626,spectral_feature_627,spectral_feature_628,spectral_feature_629,spectral_feature_630,spectral_feature_631,spectral_feature_632,spectral_feature_633,spectral_feature_634,spectral_feature_635,spectral_feature_636,spectral_feature_637,spectral_feature_638,spectral_feature_639,spectral_feature_640,spectral_feature_641,spectral_feature_642,spectral_feature_643,spectral_feature_644,spectral_feature_645,spectral_feature_646,spectral_feature_647,spectral_feature_648,spectral_feature_649,spectral_feature_650,spectral_feature_651,spectral_feature_652,spectral_feature_653,spectral_feature_654,spectral_feature_655,spectral_feature_656,spectral_feature_657,spectral_feature_658,spectral_feature_659,spectral_feature_660,spectral_feature_661,spectral_feature_662,spectral_feature_663,spectral_feature_664,spectral_feature_665,spectral_feature_666,spectral_feature_667,spectral_feature_668,spectral_feature_669,spectral_feature_670,spectral_feature_671,spectral_feature_672,spectral_feature_673,spectral_feature_674,spectral_feature_675,spectral_feature_676,spectral_feature_677,spectral_feature_678,spectral_feature_679,spectral_feature_680,spectral_feature_681,spectral_feature_682,spectral_feature_683,spectral_feature_684,spectral_feature_685,spectral_feature_686,spectral_feature_687,spectral_feature_688,spectral_feature_689,spectral_feature_690,spectral_feature_691,spectral_feature_692,spectral_feature_693,spectral_feature_694,spectral_feature_695,spectral_feature_696,spectral_feature_697,spectral_feature_698,spectral_feature_699,spectral_feature_700,spectral_feature_701,spectral_feature_702,spectral_feature_703,spectral_feature_704,spectral_feature_705,spectral_feature_706,spectral_feature_707,spectral_feature_708,spectral_feature_709,spectral_feature_710,spectral_feature_711,spectral_feature_712,spectral_feature_713,spectral_feature_714,spectral_feature_715,spectral_feature_716,spectral_feature_717,spectral_feature_718,spectral_feature_719,spectral_feature_720,spectral_feature_721,spectral_feature_722,spectral_feature_723,spectral_feature_724,spectral_feature_725,spectral_feature_726,spectral_feature_727,spectral_feature_728,spectral_feature_729,spectral_feature_730,spectral_feature_731,spectral_feature_732,spectral_feature_733,spectral_feature_734,spectral_feature_735,spectral_feature_736,spectral_feature_737,spectral_feature_738,spectral_feature_739,spectral_feature_740,spectral_feature_741,spectral_feature_742,spectral_feature_743,spectral_feature_744,spectral_feature_745,spectral_feature_746,spectral_feature_747,spectral_feature_748,spectral_feature_749,spectral_feature_750,spectral_feature_751,spectral_feature_752,spectral_feature_753,spectral_feature_754,spectral_feature_755,spectral_feature_756,spectral_feature_757,spectral_feature_758,spectral_feature_759,spectral_feature_760,spectral_feature_761,spectral_feature_762,spectral_feature_763,spectral_feature_764,spectral_feature_765,spectral_feature_766,spectral_feature_767,spectral_feature_768,spectral_feature_769,spectral_feature_770,spectral_feature_771,spectral_feature_772,spectral_feature_773,spectral_feature_774,spectral_feature_775,spectral_feature_776,spectral_feature_777,spectral_feature_778,spectral_feature_779,spectral_feature_780,spectral_feature_781,spectral_feature_782,spectral_feature_783,spectral_feature_784,spectral_feature_785,spectral_feature_786,spectral_feature_787,spectral_feature_788,spectral_feature_789,spectral_feature_790,spectral_feature_791,spectral_feature_792,spectral_feature_793,spectral_feature_794,spectral_feature_795,spectral_feature_796,spectral_feature_797,spectral_feature_798,spectral_feature_799,spectral_feature_800,spectral_feature_801,spectral_feature_802,spectral_feature_803,spectral_feature_804,spectral_feature_805,spectral_feature_806,spectral_feature_807,spectral_feature_808,spectral_feature_809,spectral_feature_810,spectral_feature_811,spectral_feature_812,spectral_feature_813,spectral_feature_814,spectral_feature_815,spectral_feature_816,spectral_feature_817,spectral_feature_818,spectral_feature_819,spectral_feature_820,spectral_feature_821,spectral_feature_822,spectral_feature_823,spectral_feature_824,spectral_feature_825,spectral_feature_826,spectral_feature_827,spectral_feature_828,spectral_feature_829,spectral_feature_830,spectral_feature_831,spectral_feature_832,spectral_feature_833,spectral_feature_834,spectral_feature_835,spectral_feature_836,spectral_feature_837,spectral_feature_838,spectral_feature_839,spectral_feature_840,spectral_feature_841,spectral_feature_842,spectral_feature_843,spectral_feature_844,spectral_feature_845,spectral_feature_846,spectral_feature_847,spectral_feature_848,spectral_feature_849,spectral_feature_850,spectral_feature_851,spectral_feature_852,spectral_feature_853,spectral_feature_854,spectral_feature_855,spectral_feature_856,spectral_feature_857,spectral_feature_858,spectral_feature_859,spectral_feature_860,spectral_feature_861,spectral_feature_862,spectral_feature_863,spectral_feature_864,spectral_feature_865,spectral_feature_866,spectral_feature_867,spectral_feature_868,spectral_feature_869,spectral_feature_870,spectral_feature_871,spectral_feature_872,spectral_feature_873,spectral_feature_874,spectral_feature_875,spectral_feature_876,spectral_feature_877,spectral_feature_878,spectral_feature_879,spectral_feature_880,spectral_feature_881,spectral_feature_882,spectral_feature_883,spectral_feature_884,spectral_feature_885,spectral_feature_886,spectral_feature_887,spectral_feature_888,spectral_feature_889,spectral_feature_890,spectral_feature_891,spectral_feature_892,spectral_feature_893,spectral_feature_894,spectral_feature_895,spectral_feature_896,spectral_feature_897,spectral_feature_898,spectral_feature_899,spectral_feature_900,spectral_feature_901,spectral_feature_902,spectral_feature_903,spectral_feature_904,spectral_feature_905,spectral_feature_906,spectral_feature_907,spectral_feature_908,spectral_feature_909,spectral_feature_910,spectral_feature_911,spectral_feature_912,spectral_feature_913,spectral_feature_914,spectral_feature_915,spectral_feature_916,spectral_feature_917,spectral_feature_918,spectral_feature_919,spectral_feature_920,spectral_feature_921,spectral_feature_922,spectral_feature_923,spectral_feature_924,spectral_feature_925,spectral_feature_926,spectral_feature_927,spectral_feature_928,spectral_feature_929,spectral_feature_930,spectral_feature_931,spectral_feature_932,spectral_feature_933,spectral_feature_934,spectral_feature_935,spectral_feature_936,spectral_feature_937,spectral_feature_938,spectral_feature_939,spectral_feature_940,spectral_feature_941,spectral_feature_942,spectral_feature_943,spectral_feature_944,spectral_feature_945,spectral_feature_946,spectral_feature_947,spectral_feature_948,spectral_feature_949,spectral_feature_950,spectral_feature_951,spectral_feature_952,spectral_feature_953,spectral_feature_954,spectral_feature_955,spectral_feature_956,spectral_feature_957,spectral_feature_958,spectral_feature_959,spectral_feature_960,spectral_feature_961,spectral_feature_962,spectral_feature_963,spectral_feature_964,spectral_feature_965,spectral_feature_966,spectral_feature_967,spectral_feature_968,spectral_feature_969,spectral_feature_970,spectral_feature_971,spectral_feature_972,spectral_feature_973,spectral_feature_974,spectral_feature_975,spectral_feature_976,spectral_feature_977,spectral_feature_978,spectral_feature_979,spectral_feature_980,spectral_feature_981,spectral_feature_982,spectral_feature_983,spectral_feature_984,spectral_feature_985,spectral_feature_986,spectral_feature_987,spectral_feature_988,spectral_feature_989,spectral_feature_990,spectral_feature_991,spectral_feature_992,spectral_feature_993,spectral_feature_994,spectral_feature_995,spectral_feature_996,spectral_feature_997,spectral_feature_998,spectral_feature_999,spectral_feature_1000,spectral_feature_1001,spectral_feature_1002,spectral_feature_1003,spectral_feature_1004,spectral_feature_1005,spectral_feature_1006,spectral_feature_1007,spectral_feature_1008,spectral_feature_1009,spectral_feature_1010,spectral_feature_1011,spectral_feature_1012,spectral_feature_1013,spectral_feature_1014,spectral_feature_1015,spectral_feature_1016,spectral_feature_1017,spectral_feature_1018,spectral_feature_1019,spectral_feature_1020,spectral_feature_1021,spectral_feature_1022,spectral_feature_1023,spectral_feature_1024,spectral_feature_1025,spectral_feature_1026,spectral_feature_1027,spectral_feature_1028,spectral_feature_1029,spectral_feature_1030,spectral_feature_1031,spectral_feature_1032,spectral_feature_1033,spectral_feature_1034,spectral_feature_1035,spectral_feature_1036,spectral_feature_1037,spectral_feature_1038,spectral_feature_1039,spectral_feature_1040,spectral_feature_1041,spectral_feature_1042,spectral_feature_1043,spectral_feature_1044,spectral_feature_1045,spectral_feature_1046,spectral_feature_1047,spectral_feature_1048,spectral_feature_1049,spectral_feature_1050,spectral_feature_1051,spectral_feature_1052,spectral_feature_1053,spectral_feature_1054,spectral_feature_1055,spectral_feature_1056,spectral_feature_1057,spectral_feature_1058,spectral_feature_1059,spectral_feature_1060,spectral_feature_1061,spectral_feature_1062,spectral_feature_1063,spectral_feature_1064,spectral_feature_1065,spectral_feature_1066,spectral_feature_1067,spectral_feature_1068,spectral_feature_1069,spectral_feature_1070,spectral_feature_1071,spectral_feature_1072,spectral_feature_1073,spectral_feature_1074,spectral_feature_1075,spectral_feature_1076,spectral_feature_1077,spectral_feature_1078,spectral_feature_1079,spectral_feature_1080,spectral_feature_1081,spectral_feature_1082,spectral_feature_1083,spectral_feature_1084,spectral_feature_1085,spectral_feature_1086,spectral_feature_1087,spectral_feature_1088,spectral_feature_1089,spectral_feature_1090,spectral_feature_1091,spectral_feature_1092,spectral_feature_1093,spectral_feature_1094,spectral_feature_1095,spectral_feature_1096,spectral_feature_1097,spectral_feature_1098,spectral_feature_1099,spectral_feature_1100,spectral_feature_1101,spectral_feature_1102,spectral_feature_1103,spectral_feature_1104,spectral_feature_1105,spectral_feature_1106,spectral_feature_1107,spectral_feature_1108,spectral_feature_1109,spectral_feature_1110,spectral_feature_1111,spectral_feature_1112,spectral_feature_1113,spectral_feature_1114,spectral_feature_1115,spectral_feature_1116,spectral_feature_1117,spectral_feature_1118,spectral_feature_1119,spectral_feature_1120,spectral_feature_1121,spectral_feature_1122,spectral_feature_1123,spectral_feature_1124,spectral_feature_1125,spectral_feature_1126,spectral_feature_1127,spectral_feature_1128,spectral_feature_1129,spectral_feature_1130,spectral_feature_1131,spectral_feature_1132,spectral_feature_1133,spectral_feature_1134,spectral_feature_1135,spectral_feature_1136,spectral_feature_1137,spectral_feature_1138,spectral_feature_1139,spectral_feature_1140,spectral_feature_1141,spectral_feature_1142,spectral_feature_1143,spectral_feature_1144,spectral_feature_1145,spectral_feature_1146,spectral_feature_1147,spectral_feature_1148,spectral_feature_1149,spectral_feature_1150,spectral_feature_1151,spectral_feature_1152,spectral_feature_1153,spectral_feature_1154,spectral_feature_1155,spectral_feature_1156,spectral_feature_1157,spectral_feature_1158,spectral_feature_1159,spectral_feature_1160,spectral_feature_1161,spectral_feature_1162,spectral_feature_1163,spectral_feature_1164,spectral_feature_1165,spectral_feature_1166,spectral_feature_1167,spectral_feature_1168,spectral_feature_1169,spectral_feature_1170,spectral_feature_1171,spectral_feature_1172,spectral_feature_1173,spectral_feature_1174,spectral_feature_1175,spectral_feature_1176,spectral_feature_1177,spectral_feature_1178,spectral_feature_1179,spectral_feature_1180,spectral_feature_1181,spectral_feature_1182,spectral_feature_1183,spectral_feature_1184,spectral_feature_1185,spectral_feature_1186,spectral_feature_1187,spectral_feature_1188,spectral_feature_1189,spectral_feature_1190,spectral_feature_1191,spectral_feature_1192,spectral_feature_1193,spectral_feature_1194,spectral_feature_1195,spectral_feature_1196,spectral_feature_1197,spectral_feature_1198,spectral_feature_1199,spectral_feature_1200,spectral_feature_1201,spectral_feature_1202,spectral_feature_1203,spectral_feature_1204,spectral_feature_1205,spectral_feature_1206,spectral_feature_1207,spectral_feature_1208,spectral_feature_1209,spectral_feature_1210,spectral_feature_1211,spectral_feature_1212,spectral_feature_1213,spectral_feature_1214,spectral_feature_1215,spectral_feature_1216,spectral_feature_1217,spectral_feature_1218,spectral_feature_1219,spectral_feature_1220,spectral_feature_1221,spectral_feature_1222,spectral_feature_1223,spectral_feature_1224,spectral_feature_1225,spectral_feature_1226,spectral_feature_1227,spectral_feature_1228,spectral_feature_1229,spectral_feature_1230,spectral_feature_1231,spectral_feature_1232,spectral_feature_1233,spectral_feature_1234,spectral_feature_1235,spectral_feature_1236,spectral_feature_1237,spectral_feature_1238,spectral_feature_1239,spectral_feature_1240,spectral_feature_1241,spectral_feature_1242,spectral_feature_1243,spectral_feature_1244,spectral_feature_1245,spectral_feature_1246,spectral_feature_1247,spectral_feature_1248,spectral_feature_1249,spectral_feature_1250,spectral_feature_1251,spectral_feature_1252,spectral_feature_1253,spectral_feature_1254,spectral_feature_1255,spectral_feature_1256,spectral_feature_1257,spectral_feature_1258,spectral_feature_1259,spectral_feature_1260,spectral_feature_1261,spectral_feature_1262,spectral_feature_1263,spectral_feature_1264,spectral_feature_1265,spectral_feature_1266,spectral_feature_1267,spectral_feature_1268,spectral_feature_1269,spectral_feature_1270,spectral_feature_1271,spectral_feature_1272,spectral_feature_1273,spectral_feature_1274,spectral_feature_1275,spectral_feature_1276,spectral_feature_1277,spectral_feature_1278,spectral_feature_1279,spectral_feature_1280,spectral_feature_1281,spectral_feature_1282,spectral_feature_1283,spectral_feature_1284,spectral_feature_1285,spectral_feature_1286,spectral_feature_1287,spectral_feature_1288,spectral_feature_1289,spectral_feature_1290,spectral_feature_1291,spectral_feature_1292,spectral_feature_1293,spectral_feature_1294,spectral_feature_1295,spectral_feature_1296,spectral_feature_1297,spectral_feature_1298,spectral_feature_1299,spectral_feature_1300,spectral_feature_1301,spectral_feature_1302,spectral_feature_1303,spectral_feature_1304,spectral_feature_1305,spectral_feature_1306,spectral_feature_1307,spectral_feature_1308,spectral_feature_1309,spectral_feature_1310,spectral_feature_1311,spectral_feature_1312,spectral_feature_1313,spectral_feature_1314,spectral_feature_1315,spectral_feature_1316,spectral_feature_1317,spectral_feature_1318,spectral_feature_1319,spectral_feature_1320,spectral_feature_1321,spectral_feature_1322,spectral_feature_1323,spectral_feature_1324,spectral_feature_1325,spectral_feature_1326,spectral_feature_1327,spectral_feature_1328,spectral_feature_1329,spectral_feature_1330,spectral_feature_1331,spectral_feature_1332,spectral_feature_1333,spectral_feature_1334,spectral_feature_1335,spectral_feature_1336,spectral_feature_1337,spectral_feature_1338,spectral_feature_1339,spectral_feature_1340,spectral_feature_1341,spectral_feature_1342,spectral_feature_1343,spectral_feature_1344,spectral_feature_1345,spectral_feature_1346,spectral_feature_1347,spectral_feature_1348,spectral_feature_1349,spectral_feature_1350,spectral_feature_1351,spectral_feature_1352,spectral_feature_1353,spectral_feature_1354,spectral_feature_1355,spectral_feature_1356,spectral_feature_1357,spectral_feature_1358,spectral_feature_1359,spectral_feature_1360,spectral_feature_1361,spectral_feature_1362,spectral_feature_1363,spectral_feature_1364,spectral_feature_1365,spectral_feature_1366,spectral_feature_1367,spectral_feature_1368,spectral_feature_1369,spectral_feature_1370,spectral_feature_1371,spectral_feature_1372,spectral_feature_1373,spectral_feature_1374,spectral_feature_1375,spectral_feature_1376,spectral_feature_1377,spectral_feature_1378,spectral_feature_1379,spectral_feature_1380,spectral_feature_1381,spectral_feature_1382,spectral_feature_1383,spectral_feature_1384,spectral_feature_1385,spectral_feature_1386,spectral_feature_1387,spectral_feature_1388,spectral_feature_1389,spectral_feature_1390,spectral_feature_1391,spectral_feature_1392,spectral_feature_1393,spectral_feature_1394,spectral_feature_1395,spectral_feature_1396,spectral_feature_1397,spectral_feature_1398,spectral_feature_1399,spectral_feature_1400,spectral_feature_1401,spectral_feature_1402,spectral_feature_1403,spectral_feature_1404,spectral_feature_1405,spectral_feature_1406,spectral_feature_1407,spectral_feature_1408,spectral_feature_1409,spectral_feature_1410,spectral_feature_1411,spectral_feature_1412,spectral_feature_1413,spectral_feature_1414,spectral_feature_1415,spectral_feature_1416,spectral_feature_1417,spectral_feature_1418,spectral_feature_1419,spectral_feature_1420,spectral_feature_1421,spectral_feature_1422,spectral_feature_1423,spectral_feature_1424,spectral_feature_1425,spectral_feature_1426,spectral_feature_1427,spectral_feature_1428,spectral_feature_1429,spectral_feature_1430,spectral_feature_1431,spectral_feature_1432,spectral_feature_1433,spectral_feature_1434,spectral_feature_1435,spectral_feature_1436,spectral_feature_1437,spectral_feature_1438,spectral_feature_1439,spectral_feature_1440,spectral_feature_1441,spectral_feature_1442,spectral_feature_1443,spectral_feature_1444,spectral_feature_1445,spectral_feature_1446,spectral_feature_1447,spectral_feature_1448,spectral_feature_1449,spectral_feature_1450,spectral_feature_1451,spectral_feature_1452,spectral_feature_1453,spectral_feature_1454,spectral_feature_1455,spectral_feature_1456,spectral_feature_1457,spectral_feature_1458,spectral_feature_1459,spectral_feature_1460,spectral_feature_1461,spectral_feature_1462,spectral_feature_1463,spectral_feature_1464,spectral_feature_1465,spectral_feature_1466,spectral_feature_1467,spectral_feature_1468,spectral_feature_1469,spectral_feature_1470,spectral_feature_1471,spectral_feature_1472,spectral_feature_1473,spectral_feature_1474,spectral_feature_1475,spectral_feature_1476,spectral_feature_1477,spectral_feature_1478,spectral_feature_1479,spectral_feature_1480,spectral_feature_1481,spectral_feature_1482,spectral_feature_1483,spectral_feature_1484,spectral_feature_1485,spectral_feature_1486,spectral_feature_1487,spectral_feature_1488,spectral_feature_1489,spectral_feature_1490,spectral_feature_1491,spectral_feature_1492,spectral_feature_1493,spectral_feature_1494,spectral_feature_1495,spectral_feature_1496,spectral_feature_1497,spectral_feature_1498,spectral_feature_1499,spectral_feature_1500,spectral_feature_1501,spectral_feature_1502,spectral_feature_1503,spectral_feature_1504,spectral_feature_1505,spectral_feature_1506,spectral_feature_1507,spectral_feature_1508,spectral_feature_1509,spectral_feature_1510,spectral_feature_1511,spectral_feature_1512,spectral_feature_1513,spectral_feature_1514,spectral_feature_1515,spectral_feature_1516,spectral_feature_1517,spectral_feature_1518,spectral_feature_1519,spectral_feature_1520,spectral_feature_1521,spectral_feature_1522,spectral_feature_1523,spectral_feature_1524,spectral_feature_1525,spectral_feature_1526,spectral_feature_1527,spectral_feature_1528,spectral_feature_1529,spectral_feature_1530,spectral_feature_1531,spectral_feature_1532,spectral_feature_1533,spectral_feature_1534,spectral_feature_1535,spectral_feature_1536,spectral_feature_1537,spectral_feature_1538,spectral_feature_1539,spectral_feature_1540,spectral_feature_1541,spectral_feature_1542,spectral_feature_1543,spectral_feature_1544,spectral_feature_1545,spectral_feature_1546,spectral_feature_1547,spectral_feature_1548,spectral_feature_1549,spectral_feature_1550,spectral_feature_1551,spectral_feature_1552,spectral_feature_1553,spectral_feature_1554,spectral_feature_1555,spectral_feature_1556,spectral_feature_1557,spectral_feature_1558,spectral_feature_1559,spectral_feature_1560,spectral_feature_1561,spectral_feature_1562,spectral_feature_1563,spectral_feature_1564,spectral_feature_1565,spectral_feature_1566,spectral_feature_1567,spectral_feature_1568,spectral_feature_1569,spectral_feature_1570,spectral_feature_1571,spectral_feature_1572,spectral_feature_1573,spectral_feature_1574,spectral_feature_1575,spectral_feature_1576,spectral_feature_1577,spectral_feature_1578,spectral_feature_1579,spectral_feature_1580,spectral_feature_1581,spectral_feature_1582,spectral_feature_1583,spectral_feature_1584,spectral_feature_1585,spectral_feature_1586,spectral_feature_1587,spectral_feature_1588,spectral_feature_1589,spectral_feature_1590,spectral_feature_1591,spectral_feature_1592,spectral_feature_1593,spectral_feature_1594,spectral_feature_1595,spectral_feature_1596,spectral_feature_1597,spectral_feature_1598,spectral_feature_1599,spectral_feature_1600,spectral_feature_1601,spectral_feature_1602,spectral_feature_1603,spectral_feature_1604,spectral_feature_1605,spectral_feature_1606,spectral_feature_1607,spectral_feature_1608,spectral_feature_1609,spectral_feature_1610,spectral_feature_1611,spectral_feature_1612,spectral_feature_1613,spectral_feature_1614,spectral_feature_1615,spectral_feature_1616,spectral_feature_1617,spectral_feature_1618,spectral_feature_1619,spectral_feature_1620,spectral_feature_1621,spectral_feature_1622,spectral_feature_1623,spectral_feature_1624,spectral_feature_1625,spectral_feature_1626,spectral_feature_1627,spectral_feature_1628,spectral_feature_1629,wavelet_feature_1,wavelet_feature_2,wavelet_feature_3,wavelet_feature_4,wavelet_feature_5,wavelet_feature_6,wavelet_feature_7,wavelet_feature_8,wavelet_feature_9,wavelet_feature_10,wavelet_feature_11,wavelet_feature_12,wavelet_feature_13,wavelet_feature_14,wavelet_feature_15,wavelet_feature_16,wavelet_feature_17,wavelet_feature_18,wavelet_feature_19,wavelet_feature_20,wavelet_feature_21,wavelet_feature_22,wavelet_feature_23,wavelet_feature_24,wavelet_feature_25,wavelet_feature_26,wavelet_feature_27,wavelet_feature_28,wavelet_feature_29,wavelet_feature_30,wavelet_feature_31,wavelet_feature_32,wavelet_feature_33,wavelet_feature_34,wavelet_feature_35,wavelet_feature_36,wavelet_feature_37,wavelet_feature_38,wavelet_feature_39,wavelet_feature_40,wavelet_feature_41,wavelet_feature_42,wavelet_feature_43,wavelet_feature_44,wavelet_feature_45,wavelet_feature_46,wavelet_feature_47,wavelet_feature_48,wavelet_feature_49,wavelet_feature_50,wavelet_feature_51,wavelet_feature_52,wavelet_feature_53,wavelet_feature_54,wavelet_feature_55,wavelet_feature_56,wavelet_feature_57,wavelet_feature_58,wavelet_feature_59,wavelet_feature_60,wavelet_feature_61,wavelet_feature_62,wavelet_feature_63,wavelet_feature_64,wavelet_feature_65,wavelet_feature_66,wavelet_feature_67,wavelet_feature_68,wavelet_feature_69,wavelet_feature_70,wavelet_feature_71,wavelet_feature_72,wavelet_feature_73,wavelet_feature_74,wavelet_feature_75,wavelet_feature_76,wavelet_feature_77,wavelet_feature_78,wavelet_feature_79,wavelet_feature_80,wavelet_feature_81,wavelet_feature_82,wavelet_feature_83,wavelet_feature_84,wavelet_feature_85,wavelet_feature_86,wavelet_feature_87,wavelet_feature_88,wavelet_feature_89,wavelet_feature_90,wavelet_feature_91,wavelet_feature_92,wavelet_feature_93,wavelet_feature_94,wavelet_feature_95,wavelet_feature_96,wavelet_feature_97,wavelet_feature_98,wavelet_feature_99,wavelet_feature_100,wavelet_feature_101,wavelet_feature_102,wavelet_feature_103,wavelet_feature_104,wavelet_feature_105,wavelet_feature_106,wavelet_feature_107,wavelet_feature_108,wavelet_feature_109,wavelet_feature_110,wavelet_feature_111,wavelet_feature_112,wavelet_feature_113,wavelet_feature_114,wavelet_feature_115,wavelet_feature_116,wavelet_feature_117,wavelet_feature_118,wavelet_feature_119,wavelet_feature_120,wavelet_feature_121,wavelet_feature_122,wavelet_feature_123,wavelet_feature_124,wavelet_feature_125,wavelet_feature_126,wavelet_feature_127,wavelet_feature_128,wavelet_feature_129,wavelet_feature_130,wavelet_feature_131,wavelet_feature_132,wavelet_feature_133,wavelet_feature_134,wavelet_feature_135,wavelet_feature_136,wavelet_feature_137,wavelet_feature_138,wavelet_feature_139,wavelet_feature_140,wavelet_feature_141,wavelet_feature_142,wavelet_feature_143,wavelet_feature_144,wavelet_feature_145,wavelet_feature_146,wavelet_feature_147,wavelet_feature_148,wavelet_feature_149,wavelet_feature_150,wavelet_feature_151,wavelet_feature_152,wavelet_feature_153,wavelet_feature_154,wavelet_feature_155,wavelet_feature_156,wavelet_feature_157,wavelet_feature_158,wavelet_feature_159,wavelet_feature_160,wavelet_feature_161,wavelet_feature_162,wavelet_feature_163,wavelet_feature_164,wavelet_feature_165,wavelet_feature_166,wavelet_feature_167,wavelet_feature_168,wavelet_feature_169,wavelet_feature_170,wavelet_feature_171,wavelet_feature_172,wavelet_feature_173,wavelet_feature_174,wavelet_feature_175,wavelet_feature_176,wavelet_feature_177,wavelet_feature_178,wavelet_feature_179,wavelet_feature_180,wavelet_feature_181,wavelet_feature_182,wavelet_feature_183,wavelet_feature_184,wavelet_feature_185,wavelet_feature_186,wavelet_feature_187,wavelet_feature_188,wavelet_feature_189,wavelet_feature_190,wavelet_feature_191,wavelet_feature_192,wavelet_feature_193,wavelet_feature_194,wavelet_feature_195,wavelet_feature_196,wavelet_feature_197,wavelet_feature_198,wavelet_feature_199,wavelet_feature_200,wavelet_feature_201,wavelet_feature_202,wavelet_feature_203,wavelet_feature_204,wavelet_feature_205,wavelet_feature_206,wavelet_feature_207,wavelet_feature_208,wavelet_feature_209,wavelet_feature_210,wavelet_feature_211,wavelet_feature_212,wavelet_feature_213,wavelet_feature_214,wavelet_feature_215,wavelet_feature_216,wavelet_feature_217,wavelet_feature_218,wavelet_feature_219,wavelet_feature_220,wavelet_feature_221,wavelet_feature_222,wavelet_feature_223,wavelet_feature_224,wavelet_feature_225,wavelet_feature_226,wavelet_feature_227,wavelet_feature_228,wavelet_feature_229,wavelet_feature_230,wavelet_feature_231,wavelet_feature_232,wavelet_feature_233,wavelet_feature_234,wavelet_feature_235,wavelet_feature_236,wavelet_feature_237,wavelet_feature_238,wavelet_feature_239,wavelet_feature_240,wavelet_feature_241,wavelet_feature_242,wavelet_feature_243,wavelet_feature_244,wavelet_feature_245,wavelet_feature_246,wavelet_feature_247,wavelet_feature_248,wavelet_feature_249,wavelet_feature_250,wavelet_feature_251,wavelet_feature_252,wavelet_feature_253,wavelet_feature_254,wavelet_feature_255,wavelet_feature_256,wavelet_feature_257,wavelet_feature_258,wavelet_feature_259,wavelet_feature_260,wavelet_feature_261,wavelet_feature_262,wavelet_feature_263,wavelet_feature_264,wavelet_feature_265,wavelet_feature_266,wavelet_feature_267,wavelet_feature_268,wavelet_feature_269,wavelet_feature_270,wavelet_feature_271,wavelet_feature_272,wavelet_feature_273,wavelet_feature_274,wavelet_feature_275,wavelet_feature_276,wavelet_feature_277,wavelet_feature_278,wavelet_feature_279,wavelet_feature_280,wavelet_feature_281,wavelet_feature_282,wavelet_feature_283,wavelet_feature_284,wavelet_feature_285,wavelet_feature_286,wavelet_feature_287,wavelet_feature_288,wavelet_feature_289,wavelet_feature_290,wavelet_feature_291,wavelet_feature_292,wavelet_feature_293,wavelet_feature_294,wavelet_feature_295,wavelet_feature_296,wavelet_feature_297,wavelet_feature_298,wavelet_feature_299,wavelet_feature_300,wavelet_feature_301,wavelet_feature_302,wavelet_feature_303,wavelet_feature_304,wavelet_feature_305,wavelet_feature_306,wavelet_feature_307,wavelet_feature_308,wavelet_feature_309,wavelet_feature_310,wavelet_feature_311,wavelet_feature_312,wavelet_feature_313,wavelet_feature_314,wavelet_feature_315,wavelet_feature_316,wavelet_feature_317,wavelet_feature_318,wavelet_feature_319,wavelet_feature_320,wavelet_feature_321,wavelet_feature_322,wavelet_feature_323,wavelet_feature_324,wavelet_feature_325,wavelet_feature_326,wavelet_feature_327,wavelet_feature_328,wavelet_feature_329,wavelet_feature_330,wavelet_feature_331,wavelet_feature_332,wavelet_feature_333,wavelet_feature_334,wavelet_feature_335,wavelet_feature_336,wavelet_feature_337,wavelet_feature_338,wavelet_feature_339,wavelet_feature_340,wavelet_feature_341,wavelet_feature_342,wavelet_feature_343,wavelet_feature_344,wavelet_feature_345,wavelet_feature_346,wavelet_feature_347,wavelet_feature_348,wavelet_feature_349,wavelet_feature_350,wavelet_feature_351,wavelet_feature_352,wavelet_feature_353,wavelet_feature_354,wavelet_feature_355,wavelet_feature_356,wavelet_feature_357,wavelet_feature_358,wavelet_feature_359,wavelet_feature_360,wavelet_feature_361,wavelet_feature_362,wavelet_feature_363,wavelet_feature_364,wavelet_feature_365,wavelet_feature_366,wavelet_feature_367,wavelet_feature_368,wavelet_feature_369,wavelet_feature_370,wavelet_feature_371,wavelet_feature_372,wavelet_feature_373,wavelet_feature_374,wavelet_feature_375,wavelet_feature_376,wavelet_feature_377,wavelet_feature_378,wavelet_feature_379,wavelet_feature_380,wavelet_feature_381,wavelet_feature_382,wavelet_feature_383,wavelet_feature_384,wavelet_feature_385,wavelet_feature_386,wavelet_feature_387,wavelet_feature_388,wavelet_feature_389,wavelet_feature_390,wavelet_feature_391,wavelet_feature_392,wavelet_feature_393,wavelet_feature_394,wavelet_feature_395,wavelet_feature_396,wavelet_feature_397,wavelet_feature_398,wavelet_feature_399,wavelet_feature_400,wavelet_feature_401,wavelet_feature_402,wavelet_feature_403,wavelet_feature_404,wavelet_feature_405,wavelet_feature_406,wavelet_feature_407,wavelet_feature_408,wavelet_feature_409,wavelet_feature_410,wavelet_feature_411,wavelet_feature_412,wavelet_feature_413,wavelet_feature_414,wavelet_feature_415,wavelet_feature_416,wavelet_feature_417,wavelet_feature_418,wavelet_feature_419,wavelet_feature_420,wavelet_feature_421,wavelet_feature_422,wavelet_feature_423,wavelet_feature_424,wavelet_feature_425,wavelet_feature_426,wavelet_feature_427,wavelet_feature_428,wavelet_feature_429,wavelet_feature_430,wavelet_feature_431,wavelet_feature_432,wavelet_feature_433,wavelet_feature_434,wavelet_feature_435,wavelet_feature_436,wavelet_feature_437,wavelet_feature_438,wavelet_feature_439,wavelet_feature_440,wavelet_feature_441,wavelet_feature_442,wavelet_feature_443,wavelet_feature_444,wavelet_feature_445,wavelet_feature_446,wavelet_feature_447,wavelet_feature_448,wavelet_feature_449,wavelet_feature_450,wavelet_feature_451,wavelet_feature_452,wavelet_feature_453,wavelet_feature_454,wavelet_feature_455,wavelet_feature_456,wavelet_feature_457,wavelet_feature_458,wavelet_feature_459,wavelet_feature_460,wavelet_feature_461,wavelet_feature_462,wavelet_feature_463,wavelet_feature_464,wavelet_feature_465,wavelet_feature_466,wavelet_feature_467,wavelet_feature_468,wavelet_feature_469,wavelet_feature_470,wavelet_feature_471,wavelet_feature_472,wavelet_feature_473,wavelet_feature_474,wavelet_feature_475,wavelet_feature_476,wavelet_feature_477,wavelet_feature_478,wavelet_feature_479,wavelet_feature_480,wavelet_feature_481,wavelet_feature_482,wavelet_feature_483,wavelet_feature_484,wavelet_feature_485,wavelet_feature_486,wavelet_feature_487,wavelet_feature_488,wavelet_feature_489,wavelet_feature_490,wavelet_feature_491,wavelet_feature_492,wavelet_feature_493,wavelet_feature_494,wavelet_feature_495,wavelet_feature_496,wavelet_feature_497,wavelet_feature_498,wavelet_feature_499,wavelet_feature_500,wavelet_feature_501,wavelet_feature_502,wavelet_feature_503,wavelet_feature_504,wavelet_feature_505,wavelet_feature_506,wavelet_feature_507,wavelet_feature_508,wavelet_feature_509,wavelet_feature_510,wavelet_feature_511,wavelet_feature_512,wavelet_feature_513,wavelet_feature_514,wavelet_feature_515,wavelet_feature_516,wavelet_feature_517,wavelet_feature_518,wavelet_feature_519,wavelet_feature_520,wavelet_feature_521,wavelet_feature_522,wavelet_feature_523,wavelet_feature_524,wavelet_feature_525,wavelet_feature_526,wavelet_feature_527,wavelet_feature_528,wavelet_feature_529,wavelet_feature_530,wavelet_feature_531,wavelet_feature_532,wavelet_feature_533,wavelet_feature_534,wavelet_feature_535,wavelet_feature_536,wavelet_feature_537,wavelet_feature_538,wavelet_feature_539,wavelet_feature_540,wavelet_feature_541,wavelet_feature_542,wavelet_feature_543,wavelet_feature_544,wavelet_feature_545,wavelet_feature_546,wavelet_feature_547,wavelet_feature_548,wavelet_feature_549,wavelet_feature_550,wavelet_feature_551,wavelet_feature_552,wavelet_feature_553,wavelet_feature_554,wavelet_feature_555,wavelet_feature_556,wavelet_feature_557,wavelet_feature_558,wavelet_feature_559,wavelet_feature_560,wavelet_feature_561,wavelet_feature_562,wavelet_feature_563,wavelet_feature_564,wavelet_feature_565,wavelet_feature_566,wavelet_feature_567,wavelet_feature_568,wavelet_feature_569,wavelet_feature_570,wavelet_feature_571,wavelet_feature_572,wavelet_feature_573,wavelet_feature_574,wavelet_feature_575,wavelet_feature_576,wavelet_feature_577,wavelet_feature_578,wavelet_feature_579,wavelet_feature_580,wavelet_feature_581,wavelet_feature_582,wavelet_feature_583,wavelet_feature_584,wavelet_feature_585,wavelet_feature_586,wavelet_feature_587,wavelet_feature_588,wavelet_feature_589,wavelet_feature_590,wavelet_feature_591,wavelet_feature_592,wavelet_feature_593,wavelet_feature_594,wavelet_feature_595,wavelet_feature_596,wavelet_feature_597,wavelet_feature_598,wavelet_feature_599,wavelet_feature_600,wavelet_feature_601,wavelet_feature_602,wavelet_feature_603,wavelet_feature_604,wavelet_feature_605,wavelet_feature_606,wavelet_feature_607,wavelet_feature_608,wavelet_feature_609,wavelet_feature_610,wavelet_feature_611,wavelet_feature_612,wavelet_feature_613,wavelet_feature_614,wavelet_feature_615,wavelet_feature_616,wavelet_feature_617,wavelet_feature_618,wavelet_feature_619,wavelet_feature_620,wavelet_feature_621,wavelet_feature_622,wavelet_feature_623,wavelet_feature_624,wavelet_feature_625,wavelet_feature_626,wavelet_feature_627,wavelet_feature_628,wavelet_feature_629,wavelet_feature_630,wavelet_feature_631,wavelet_feature_632,wavelet_feature_633,wavelet_feature_634,wavelet_feature_635,wavelet_feature_636,wavelet_feature_637,wavelet_feature_638,wavelet_feature_639,wavelet_feature_640,wavelet_feature_641,wavelet_feature_642,wavelet_feature_643,wavelet_feature_644,wavelet_feature_645,wavelet_feature_646,wavelet_feature_647,wavelet_feature_648,wavelet_feature_649,wavelet_feature_650,wavelet_feature_651,wavelet_feature_652,wavelet_feature_653,wavelet_feature_654,wavelet_feature_655,wavelet_feature_656,wavelet_feature_657,wavelet_feature_658,wavelet_feature_659,wavelet_feature_660,wavelet_feature_661,wavelet_feature_662,wavelet_feature_663,wavelet_feature_664,wavelet_feature_665,wavelet_feature_666,wavelet_feature_667,wavelet_feature_668,wavelet_feature_669,wavelet_feature_670,wavelet_feature_671,wavelet_feature_672,wavelet_feature_673,wavelet_feature_674,wavelet_feature_675,wavelet_feature_676,wavelet_feature_677,wavelet_feature_678,wavelet_feature_679,wavelet_feature_680,wavelet_feature_681,wavelet_feature_682,wavelet_feature_683,wavelet_feature_684,wavelet_feature_685,wavelet_feature_686,wavelet_feature_687,wavelet_feature_688,wavelet_feature_689,wavelet_feature_690,wavelet_feature_691,wavelet_feature_692,wavelet_feature_693,wavelet_feature_694,wavelet_feature_695,wavelet_feature_696,wavelet_feature_697,wavelet_feature_698,wavelet_feature_699,wavelet_feature_700,wavelet_feature_701,wavelet_feature_702,wavelet_feature_703,wavelet_feature_704,wavelet_feature_705,wavelet_feature_706,wavelet_feature_707,wavelet_feature_708,wavelet_feature_709,wavelet_feature_710,wavelet_feature_711,wavelet_feature_712,wavelet_feature_713,wavelet_feature_714,wavelet_feature_715,wavelet_feature_716,wavelet_feature_717,wavelet_feature_718,wavelet_feature_719,wavelet_feature_720,wavelet_feature_721,wavelet_feature_722,wavelet_feature_723,wavelet_feature_724,wavelet_feature_725,wavelet_feature_726,wavelet_feature_727,wavelet_feature_728,wavelet_feature_729,wavelet_feature_730,wavelet_feature_731,wavelet_feature_732,wavelet_feature_733,wavelet_feature_734,wavelet_feature_735,wavelet_feature_736,wavelet_feature_737,wavelet_feature_738,wavelet_feature_739,wavelet_feature_740,wavelet_feature_741,wavelet_feature_742,wavelet_feature_743,wavelet_feature_744,wavelet_feature_745,wavelet_feature_746,wavelet_feature_747,wavelet_feature_748,wavelet_feature_749,wavelet_feature_750,wavelet_feature_751,wavelet_feature_752,wavelet_feature_753,wavelet_feature_754,wavelet_feature_755,wavelet_feature_756,wavelet_feature_757,wavelet_feature_758,wavelet_feature_759,wavelet_feature_760,wavelet_feature_761,wavelet_feature_762,wavelet_feature_763,wavelet_feature_764,wavelet_feature_765,wavelet_feature_766,wavelet_feature_767,wavelet_feature_768,wavelet_feature_769,wavelet_feature_770,wavelet_feature_771,wavelet_feature_772,wavelet_feature_773,wavelet_feature_774,wavelet_feature_775,wavelet_feature_776,wavelet_feature_777,wavelet_feature_778,wavelet_feature_779,wavelet_feature_780,wavelet_feature_781,wavelet_feature_782,wavelet_feature_783,wavelet_feature_784,wavelet_feature_785,wavelet_feature_786,wavelet_feature_787,wavelet_feature_788,wavelet_feature_789,wavelet_feature_790,wavelet_feature_791,wavelet_feature_792,wavelet_feature_793,wavelet_feature_794,wavelet_feature_795,wavelet_feature_796,wavelet_feature_797,wavelet_feature_798,wavelet_feature_799,wavelet_feature_800,wavelet_feature_801,wavelet_feature_802,wavelet_feature_803,wavelet_feature_804,wavelet_feature_805,wavelet_feature_806,wavelet_feature_807,wavelet_feature_808,wavelet_feature_809,wavelet_feature_810,wavelet_feature_811,wavelet_feature_812,wavelet_feature_813,wavelet_feature_814,wavelet_feature_815,wavelet_feature_816,wavelet_feature_817,wavelet_feature_818,wavelet_feature_819,wavelet_feature_820,wavelet_feature_821,wavelet_feature_822,wavelet_feature_823,wavelet_feature_824,wavelet_feature_825,wavelet_feature_826,wavelet_feature_827,wavelet_feature_828,wavelet_feature_829,wavelet_feature_830,wavelet_feature_831,wavelet_feature_832,wavelet_feature_833,wavelet_feature_834,wavelet_feature_835,wavelet_feature_836,wavelet_feature_837,wavelet_feature_838,wavelet_feature_839,wavelet_feature_840,wavelet_feature_841,wavelet_feature_842,wavelet_feature_843,wavelet_feature_844,wavelet_feature_845,wavelet_feature_846,wavelet_feature_847,wavelet_feature_848,wavelet_feature_849,wavelet_feature_850,wavelet_feature_851,wavelet_feature_852,wavelet_feature_853,wavelet_feature_854,wavelet_feature_855,wavelet_feature_856,wavelet_feature_857,wavelet_feature_858,wavelet_feature_859,wavelet_feature_860,wavelet_feature_861,wavelet_feature_862,wavelet_feature_863,wavelet_feature_864,wavelet_feature_865,wavelet_feature_866,wavelet_feature_867,wavelet_feature_868,wavelet_feature_869,wavelet_feature_870,wavelet_feature_871,wavelet_feature_872,wavelet_feature_873,wavelet_feature_874,wavelet_feature_875,wavelet_feature_876,wavelet_feature_877,wavelet_feature_878,wavelet_feature_879,wavelet_feature_880,wavelet_feature_881,wavelet_feature_882,wavelet_feature_883,wavelet_feature_884,wavelet_feature_885,wavelet_feature_886,wavelet_feature_887,wavelet_feature_888,wavelet_feature_889,wavelet_feature_890,wavelet_feature_891,wavelet_feature_892,wavelet_feature_893,wavelet_feature_894,wavelet_feature_895,wavelet_feature_896,wavelet_feature_897,wavelet_feature_898,wavelet_feature_899,wavelet_feature_900,wavelet_feature_901,wavelet_feature_902,wavelet_feature_903,wavelet_feature_904,wavelet_feature_905,wavelet_feature_906,wavelet_feature_907,wavelet_feature_908,wavelet_feature_909,wavelet_feature_910,wavelet_feature_911,wavelet_feature_912,wavelet_feature_913,wavelet_feature_914,wavelet_feature_915,wavelet_feature_916,wavelet_feature_917,wavelet_feature_918,wavelet_feature_919,wavelet_feature_920,wavelet_feature_921,wavelet_feature_922,wavelet_feature_923,wavelet_feature_924,wavelet_feature_925,wavelet_feature_926,wavelet_feature_927,wavelet_feature_928,wavelet_feature_929,wavelet_feature_930,wavelet_feature_931,wavelet_feature_932,wavelet_feature_933,wavelet_feature_934,wavelet_feature_935,wavelet_feature_936,wavelet_feature_937,wavelet_feature_938,wavelet_feature_939,wavelet_feature_940,wavelet_feature_941,wavelet_feature_942,wavelet_feature_943,wavelet_feature_944,wavelet_feature_945,wavelet_feature_946,wavelet_feature_947,wavelet_feature_948,wavelet_feature_949,wavelet_feature_950,wavelet_feature_951,wavelet_feature_952,wavelet_feature_953,wavelet_feature_954,wavelet_feature_955,wavelet_feature_956,wavelet_feature_957,wavelet_feature_958,wavelet_feature_959,wavelet_feature_960,wavelet_feature_961,wavelet_feature_962,wavelet_feature_963,wavelet_feature_964,wavelet_feature_965,wavelet_feature_966,wavelet_feature_967,wavelet_feature_968,wavelet_feature_969,wavelet_feature_970,wavelet_feature_971,wavelet_feature_972,wavelet_feature_973,wavelet_feature_974,wavelet_feature_975,wavelet_feature_976,wavelet_feature_977,wavelet_feature_978,wavelet_feature_979,wavelet_feature_980,wavelet_feature_981,wavelet_feature_982,wavelet_feature_983,wavelet_feature_984,wavelet_feature_985,wavelet_feature_986,wavelet_feature_987,wavelet_feature_988,wavelet_feature_989,wavelet_feature_990,wavelet_feature_991,wavelet_feature_992,wavelet_feature_993,wavelet_feature_994,wavelet_feature_995,wavelet_feature_996,wavelet_feature_997,wavelet_feature_998,wavelet_feature_999,wavelet_feature_1000,wavelet_feature_1001,wavelet_feature_1002,wavelet_feature_1003,wavelet_feature_1004,wavelet_feature_1005,wavelet_feature_1006,wavelet_feature_1007,wavelet_feature_1008,wavelet_feature_1009,wavelet_feature_1010,wavelet_feature_1011,wavelet_feature_1012,wavelet_feature_1013,wavelet_feature_1014,wavelet_feature_1015,wavelet_feature_1016,wavelet_feature_1017,wavelet_feature_1018,wavelet_feature_1019,wavelet_feature_1020,wavelet_feature_1021,wavelet_feature_1022,wavelet_feature_1023,wavelet_feature_1024,wavelet_feature_1025,wavelet_feature_1026,wavelet_feature_1027,wavelet_feature_1028,wavelet_feature_1029,wavelet_feature_1030,wavelet_feature_1031,wavelet_feature_1032,wavelet_feature_1033,wavelet_feature_1034,wavelet_feature_1035,wavelet_feature_1036,wavelet_feature_1037,wavelet_feature_1038,wavelet_feature_1039,wavelet_feature_1040,wavelet_feature_1041,wavelet_feature_1042,wavelet_feature_1043,wavelet_feature_1044,wavelet_feature_1045,wavelet_feature_1046,wavelet_feature_1047,wavelet_feature_1048,wavelet_feature_1049,wavelet_feature_1050,wavelet_feature_1051,wavelet_feature_1052,wavelet_feature_1053,wavelet_feature_1054,wavelet_feature_1055,wavelet_feature_1056,wavelet_feature_1057,wavelet_feature_1058,wavelet_feature_1059,wavelet_feature_1060,wavelet_feature_1061,wavelet_feature_1062,wavelet_feature_1063,wavelet_feature_1064,wavelet_feature_1065,wavelet_feature_1066,wavelet_feature_1067,wavelet_feature_1068,wavelet_feature_1069,wavelet_feature_1070,wavelet_feature_1071,wavelet_feature_1072,wavelet_feature_1073,wavelet_feature_1074,wavelet_feature_1075,wavelet_feature_1076,wavelet_feature_1077,wavelet_feature_1078,wavelet_feature_1079,wavelet_feature_1080,wavelet_feature_1081,wavelet_feature_1082,wavelet_feature_1083,wavelet_feature_1084,wavelet_feature_1085,wavelet_feature_1086,wavelet_feature_1087,wavelet_feature_1088,wavelet_feature_1089,wavelet_feature_1090,wavelet_feature_1091,wavelet_feature_1092,wavelet_feature_1093,wavelet_feature_1094,wavelet_feature_1095,wavelet_feature_1096,wavelet_feature_1097,wavelet_feature_1098,wavelet_feature_1099,wavelet_feature_1100,wavelet_feature_1101,wavelet_feature_1102,wavelet_feature_1103,wavelet_feature_1104,wavelet_feature_1105,wavelet_feature_1106,wavelet_feature_1107,wavelet_feature_1108,wavelet_feature_1109,wavelet_feature_1110,wavelet_feature_1111,wavelet_feature_1112,wavelet_feature_1113,wavelet_feature_1114,wavelet_feature_1115,wavelet_feature_1116,wavelet_feature_1117,wavelet_feature_1118,wavelet_feature_1119,wavelet_feature_1120,wavelet_feature_1121,wavelet_feature_1122,wavelet_feature_1123,wavelet_feature_1124,wavelet_feature_1125,wavelet_feature_1126,wavelet_feature_1127,wavelet_feature_1128,wavelet_feature_1129,wavelet_feature_1130,wavelet_feature_1131,wavelet_feature_1132,wavelet_feature_1133,wavelet_feature_1134,wavelet_feature_1135,wavelet_feature_1136,wavelet_feature_1137,wavelet_feature_1138,wavelet_feature_1139,wavelet_feature_1140,wavelet_feature_1141,wavelet_feature_1142,wavelet_feature_1143,wavelet_feature_1144,wavelet_feature_1145,wavelet_feature_1146,wavelet_feature_1147,wavelet_feature_1148,wavelet_feature_1149,wavelet_feature_1150,wavelet_feature_1151,wavelet_feature_1152,wavelet_feature_1153,wavelet_feature_1154,wavelet_feature_1155,wavelet_feature_1156,wavelet_feature_1157,wavelet_feature_1158,wavelet_feature_1159,wavelet_feature_1160,wavelet_feature_1161,wavelet_feature_1162,wavelet_feature_1163,wavelet_feature_1164,wavelet_feature_1165,wavelet_feature_1166,wavelet_feature_1167,wavelet_feature_1168,wavelet_feature_1169,wavelet_feature_1170,wavelet_feature_1171,wavelet_feature_1172,wavelet_feature_1173,wavelet_feature_1174,wavelet_feature_1175,wavelet_feature_1176,wavelet_feature_1177,wavelet_feature_1178,wavelet_feature_1179,wavelet_feature_1180,wavelet_feature_1181,wavelet_feature_1182,wavelet_feature_1183,wavelet_feature_1184,wavelet_feature_1185,wavelet_feature_1186,wavelet_feature_1187,wavelet_feature_1188,wavelet_feature_1189,wavelet_feature_1190,wavelet_feature_1191,wavelet_feature_1192,wavelet_feature_1193,wavelet_feature_1194,wavelet_feature_1195,wavelet_feature_1196,wavelet_feature_1197,wavelet_feature_1198,wavelet_feature_1199,wavelet_feature_1200,wavelet_feature_1201,wavelet_feature_1202,wavelet_feature_1203,wavelet_feature_1204,wavelet_feature_1205,wavelet_feature_1206,wavelet_feature_1207,wavelet_feature_1208,wavelet_feature_1209,wavelet_feature_1210,wavelet_feature_1211,wavelet_feature_1212,wavelet_feature_1213,wavelet_feature_1214,wavelet_feature_1215,wavelet_feature_1216,wavelet_feature_1217,wavelet_feature_1218,wavelet_feature_1219,wavelet_feature_1220,wavelet_feature_1221,wavelet_feature_1222,wavelet_feature_1223,wavelet_feature_1224,wavelet_feature_1225,wavelet_feature_1226,wavelet_feature_1227,wavelet_feature_1228,wavelet_feature_1229,wavelet_feature_1230,wavelet_feature_1231,wavelet_feature_1232,wavelet_feature_1233,wavelet_feature_1234,wavelet_feature_1235,wavelet_feature_1236,wavelet_feature_1237,wavelet_feature_1238,wavelet_feature_1239,wavelet_feature_1240,wavelet_feature_1241,wavelet_feature_1242,wavelet_feature_1243,wavelet_feature_1244,wavelet_feature_1245,wavelet_feature_1246,wavelet_feature_1247,wavelet_feature_1248,wavelet_feature_1249,wavelet_feature_1250,wavelet_feature_1251,wavelet_feature_1252,wavelet_feature_1253,wavelet_feature_1254,wavelet_feature_1255,wavelet_feature_1256,wavelet_feature_1257,wavelet_feature_1258,wavelet_feature_1259,wavelet_feature_1260,wavelet_feature_1261,wavelet_feature_1262,wavelet_feature_1263,wavelet_feature_1264,wavelet_feature_1265,wavelet_feature_1266,wavelet_feature_1267,wavelet_feature_1268,wavelet_feature_1269,wavelet_feature_1270,wavelet_feature_1271,wavelet_feature_1272,wavelet_feature_1273,wavelet_feature_1274,wavelet_feature_1275,wavelet_feature_1276,wavelet_feature_1277,wavelet_feature_1278,wavelet_feature_1279,wavelet_feature_1280,wavelet_feature_1281,wavelet_feature_1282,wavelet_feature_1283,wavelet_feature_1284,wavelet_feature_1285,wavelet_feature_1286,wavelet_feature_1287,wavelet_feature_1288,wavelet_feature_1289,wavelet_feature_1290,wavelet_feature_1291,wavelet_feature_1292,wavelet_feature_1293,wavelet_feature_1294,wavelet_feature_1295,wavelet_feature_1296,wavelet_feature_1297,wavelet_feature_1298,wavelet_feature_1299,wavelet_feature_1300,wavelet_feature_1301,wavelet_feature_1302,wavelet_feature_1303,wavelet_feature_1304,wavelet_feature_1305,wavelet_feature_1306,wavelet_feature_1307,wavelet_feature_1308,wavelet_feature_1309,wavelet_feature_1310,wavelet_feature_1311,wavelet_feature_1312,wavelet_feature_1313,wavelet_feature_1314,wavelet_feature_1315,wavelet_feature_1316,wavelet_feature_1317,wavelet_feature_1318,wavelet_feature_1319,wavelet_feature_1320,wavelet_feature_1321,wavelet_feature_1322,wavelet_feature_1323,wavelet_feature_1324,wavelet_feature_1325,wavelet_feature_1326,wavelet_feature_1327,wavelet_feature_1328,wavelet_feature_1329,wavelet_feature_1330,wavelet_feature_1331,wavelet_feature_1332,wavelet_feature_1333,wavelet_feature_1334,wavelet_feature_1335,wavelet_feature_1336,wavelet_feature_1337,wavelet_feature_1338,wavelet_feature_1339,wavelet_feature_1340,wavelet_feature_1341,wavelet_feature_1342,wavelet_feature_1343,wavelet_feature_1344,wavelet_feature_1345,wavelet_feature_1346,wavelet_feature_1347,wavelet_feature_1348,wavelet_feature_1349,wavelet_feature_1350,wavelet_feature_1351,wavelet_feature_1352,wavelet_feature_1353,wavelet_feature_1354,wavelet_feature_1355,wavelet_feature_1356,wavelet_feature_1357,wavelet_feature_1358,wavelet_feature_1359,wavelet_feature_1360,wavelet_feature_1361,wavelet_feature_1362,wavelet_feature_1363,wavelet_feature_1364,wavelet_feature_1365,wavelet_feature_1366,wavelet_feature_1367,wavelet_feature_1368,wavelet_feature_1369,wavelet_feature_1370,wavelet_feature_1371,wavelet_feature_1372,wavelet_feature_1373,wavelet_feature_1374,wavelet_feature_1375,wavelet_feature_1376,wavelet_feature_1377,wavelet_feature_1378,wavelet_feature_1379,wavelet_feature_1380,wavelet_feature_1381,wavelet_feature_1382,wavelet_feature_1383,wavelet_feature_1384,wavelet_feature_1385,wavelet_feature_1386,wavelet_feature_1387,wavelet_feature_1388,wavelet_feature_1389,wavelet_feature_1390,wavelet_feature_1391,wavelet_feature_1392,wavelet_feature_1393,wavelet_feature_1394,wavelet_feature_1395,wavelet_feature_1396,wavelet_feature_1397,wavelet_feature_1398,wavelet_feature_1399,wavelet_feature_1400,wavelet_feature_1401,wavelet_feature_1402,wavelet_feature_1403,wavelet_feature_1404,wavelet_feature_1405,wavelet_feature_1406,wavelet_feature_1407,wavelet_feature_1408,wavelet_feature_1409,wavelet_feature_1410,wavelet_feature_1411,wavelet_feature_1412,wavelet_feature_1413,wavelet_feature_1414,wavelet_feature_1415,wavelet_feature_1416,wavelet_feature_1417,wavelet_feature_1418,wavelet_feature_1419,wavelet_feature_1420,wavelet_feature_1421,wavelet_feature_1422,wavelet_feature_1423,wavelet_feature_1424,wavelet_feature_1425,wavelet_feature_1426,wavelet_feature_1427,wavelet_feature_1428,wavelet_feature_1429,wavelet_feature_1430,wavelet_feature_1431,wavelet_feature_1432,wavelet_feature_1433,wavelet_feature_1434,wavelet_feature_1435,wavelet_feature_1436,wavelet_feature_1437,wavelet_feature_1438,wavelet_feature_1439,wavelet_feature_1440,wavelet_feature_1441,wavelet_feature_1442,wavelet_feature_1443,wavelet_feature_1444,wavelet_feature_1445,wavelet_feature_1446,wavelet_feature_1447,wavelet_feature_1448,wavelet_feature_1449,wavelet_feature_1450,wavelet_feature_1451,wavelet_feature_1452,wavelet_feature_1453,wavelet_feature_1454,wavelet_feature_1455,wavelet_feature_1456,wavelet_feature_1457,wavelet_feature_1458,wavelet_feature_1459,wavelet_feature_1460,wavelet_feature_1461,wavelet_feature_1462,wavelet_feature_1463,wavelet_feature_1464,wavelet_feature_1465,wavelet_feature_1466,wavelet_feature_1467,wavelet_feature_1468,wavelet_feature_1469,wavelet_feature_1470,wavelet_feature_1471,wavelet_feature_1472,wavelet_feature_1473,wavelet_feature_1474,wavelet_feature_1475,wavelet_feature_1476,wavelet_feature_1477,wavelet_feature_1478,wavelet_feature_1479,wavelet_feature_1480,wavelet_feature_1481,wavelet_feature_1482,wavelet_feature_1483,wavelet_feature_1484,wavelet_feature_1485,wavelet_feature_1486,wavelet_feature_1487,wavelet_feature_1488,wavelet_feature_1489,wavelet_feature_1490,wavelet_feature_1491,wavelet_feature_1492,wavelet_feature_1493,wavelet_feature_1494,wavelet_feature_1495,wavelet_feature_1496,wavelet_feature_1497,wavelet_feature_1498,wavelet_feature_1499,wavelet_feature_1500,wavelet_feature_1501,wavelet_feature_1502,wavelet_feature_1503,wavelet_feature_1504,wavelet_feature_1505,wavelet_feature_1506,wavelet_feature_1507,wavelet_feature_1508,wavelet_feature_1509,wavelet_feature_1510,wavelet_feature_1511,wavelet_feature_1512,wavelet_feature_1513,wavelet_feature_1514,wavelet_feature_1515,wavelet_feature_1516,wavelet_feature_1517,wavelet_feature_1518,wavelet_feature_1519,wavelet_feature_1520,wavelet_feature_1521,wavelet_feature_1522,wavelet_feature_1523,wavelet_feature_1524,wavelet_feature_1525,wavelet_feature_1526,wavelet_feature_1527,wavelet_feature_1528,wavelet_feature_1529,wavelet_feature_1530,wavelet_feature_1531,wavelet_feature_1532,wavelet_feature_1533,wavelet_feature_1534,wavelet_feature_1535,wavelet_feature_1536,wavelet_feature_1537,wavelet_feature_1538,wavelet_feature_1539,wavelet_feature_1540,wavelet_feature_1541,wavelet_feature_1542,wavelet_feature_1543,wavelet_feature_1544,wavelet_feature_1545,wavelet_feature_1546,wavelet_feature_1547,wavelet_feature_1548,wavelet_feature_1549,wavelet_feature_1550,wavelet_feature_1551,wavelet_feature_1552,wavelet_feature_1553,wavelet_feature_1554,wavelet_feature_1555,wavelet_feature_1556,wavelet_feature_1557,wavelet_feature_1558,wavelet_feature_1559,wavelet_feature_1560,wavelet_feature_1561,wavelet_feature_1562,wavelet_feature_1563,wavelet_feature_1564,wavelet_feature_1565,wavelet_feature_1566,wavelet_feature_1567,wavelet_feature_1568,wavelet_feature_1569,wavelet_feature_1570,wavelet_feature_1571,wavelet_feature_1572,wavelet_feature_1573,wavelet_feature_1574,wavelet_feature_1575,wavelet_feature_1576,wavelet_feature_1577,wavelet_feature_1578,wavelet_feature_1579,wavelet_feature_1580,wavelet_feature_1581,wavelet_feature_1582,wavelet_feature_1583,wavelet_feature_1584,wavelet_feature_1585,wavelet_feature_1586,wavelet_feature_1587,wavelet_feature_1588,wavelet_feature_1589,wavelet_feature_1590,wavelet_feature_1591,wavelet_feature_1592,wavelet_feature_1593,wavelet_feature_1594,wavelet_feature_1595,wavelet_feature_1596,wavelet_feature_1597,wavelet_feature_1598,wavelet_feature_1599,wavelet_feature_1600,wavelet_feature_1601,wavelet_feature_1602,wavelet_feature_1603,wavelet_feature_1604,wavelet_feature_1605,wavelet_feature_1606,wavelet_feature_1607,wavelet_feature_1608,wavelet_feature_1609,wavelet_feature_1610,wavelet_feature_1611,wavelet_feature_1612,wavelet_feature_1613,wavelet_feature_1614,wavelet_feature_1615,wavelet_feature_1616,wavelet_feature_1617,wavelet_feature_1618,wavelet_feature_1619,wavelet_feature_1620,wavelet_feature_1621,wavelet_feature_1622,wavelet_feature_1623,wavelet_feature_1624,wavelet_feature_1625,wavelet_feature_1626,wavelet_feature_1627,wavelet_feature_1628,wavelet_feature_1629,wavelet_feature_1630,wavelet_feature_1631,Class
906350.0,39005.87644878905,73579.70673580773,103630.02885813767,70916.23417812899,52102.11533405799,211804.45276722428,221233.82819406016,111594.78338012633,34944.06095678389,64926.92003432004,53778.72429051934,30348.467030624208,89885.70144808544,58782.770403747614,14142.063451178943,62791.05841953416,78789.35642460856,15645.33914386298,23398.354452430056,56431.89551499383,63464.82877457726,76475.74438417405,111978.78987929298,26406.39068243509,33441.01808461856,37211.936618685264,25192.320812168637,7451.982800273347,55429.957425085275,22152.161316420814,14968.10033838198,21858.333224648813,34254.33801132197,5665.481904833476,12933.206348892287,19167.52423328157,26336.98509383915,15798.63988724862,25883.590243323128,22520.057448805645,20336.001718809628,9054.5105661278,20861.69398732002,34459.11854038349,37462.218663157044,28384.50862622435,38774.28931041799,14149.318290591535,9512.145447758307,14886.490666973374,11804.183307144727,7335.753154088408,9264.091899333813,33667.07238124866,21387.346304147177,38541.06744594751,23230.740518808147,33721.53154008572,32644.533676560874,20863.178416806342,49654.76822620936,36162.111695631545,31097.610339676292,27035.9250411276,40242.72004572537,14808.590271908342,13888.405582051817,33499.4158649352,22811.773354088695,38468.52060768443,20664.180167997903,26411.51577722323,12056.961020987656,22797.85687155191,40131.151070858694,38320.873052678144,32549.410495093307,13403.119289411143,12273.276241233403,80515.59224151558,49477.59399469129,53598.271184949255,17061.155124944682,21523.57546766711,6688.8085061507745,39621.536667788394,37751.29413552893,29605.292383218086,56585.96085953292,6162.383365262835,23861.937237128754,33358.65491255013,21066.293447064443,18968.651834148975,19837.26628411647,16670.04710828386,25303.97419670351,19262.57406081762,16391.529829997817,11488.50482265602,8660.988331045888,10770.157924891626,24695.593265175532,42944.21806312625,22853.792397378264,18539.588736287034,5999.898246878417,42104.50400131144,42428.243747169705,31881.801428981445,42883.09178112327,14248.560299222167,19018.93695223831,19397.805980477868,36267.71453616905,47044.99689029514,26365.30807544021,20104.059323918125,16476.70735115692,14327.277525379623,18322.58086677316,36330.30657781449,2152.439591830443,21397.977833129546,5491.294812607757,15205.923197428614,10242.74515051318,4635.51946473124,13330.62322053825,24971.835594243916,14241.793509987867,19290.844218425413,12341.675758129011,4474.089593448285,11227.965747858787,13299.260688705059,18375.596114082953,21736.6432457289,2872.7932096195595,8290.746887646432,10829.42685545186,14078.89516868872,21002.30767075751,22789.006777095277,11252.33286968564,15055.133664535033,5744.6414737753485,5117.257078996133,6993.437317944707,6941.352289883359,18600.906380753695,16984.23012142985,9265.537512953359,7760.648976776975,12892.09709142407,7825.238320617408,2488.3100151636922,2094.1216122045175,9678.635121463058,14467.66797575346,12541.689921196572,28491.717690429017,9442.988030768674,13048.575477638373,12380.929559822318,11041.619828639446,11131.84696041207,9611.391077240953,2420.4218824992204,13269.796418983025,17792.48552468059,5603.61528895006,9551.193380493027,1904.3455841939808,12754.794770670082,12393.104551130733,7088.7965720102175,8988.741209429434,7616.529525828335,17502.17950470885,24058.75287974298,11568.012070301464,31517.562707363348,17683.008123963427,5389.5092387567865,9253.518074077647,29854.771414884017,9588.841510575414,11970.188885350823,48623.88079826883,30134.10339945675,15418.233077348095,25725.327639928397,29156.626502613573,19422.257802472683,23286.179226102926,52182.93356533429,7859.0831132853855,35282.670682092205,32640.979038724414,31485.999870465188,1836.1501704414484,11067.592399878375,20121.75061195933,32437.137608721936,9834.417052628623,32187.399975398515,16763.907819950193,10084.005506284539,15744.736413360628,10843.544648825891,17724.15423639012,15370.682894898688,584.0932030773874,755.3117762539255,24045.393706546434,25599.461452224597,16401.90292963755,20255.38987225829,9324.076203757362,19607.7985634255,15848.850163849444,7446.347347130182,16520.440669293264,8156.621229234161,13940.623694537144,16678.309493498055,9973.612208039644,12248.293482829367,9197.64803911976,9479.505017339576,18277.646899763356,8094.13436664067,5425.941193743424,15879.41576032167,18576.659329035767,7634.555321147705,17052.947294514426,8610.550293072407,12699.485280965291,18732.601952897185,9506.751018000465,26095.738490123942,20093.058117632965,6455.974638036107,18188.534219718884,3129.6365074486425,14387.725843161139,23484.69339169173,7071.601538552526,5168.741906072741,11616.715752286189,12500.544863801404,10981.114024544599,10571.616704972534,6066.405627319793,14508.274229655864,8452.07851911528,13169.267740814726,9728.230202552038,14046.957286257775,12276.774844965352,15487.52022561617,3227.8463414716666,9508.440444261178,10564.191887538454,8232.155561883057,15058.288214510698,13189.620701145432,14360.41590075052,10660.260690019344,5884.6558543534275,12381.12878450631,4403.151709175892,6114.6328831316805,17391.266515098876,3087.350175469825,12282.182654651278,5637.835191175654,10300.544885384663,7694.336053483077,16958.12953110217,10515.838043930116,11651.399755054614,6627.63943813601,11670.032163942224,17991.352614385738,20348.488477601597,6536.3595551221115,13181.812619652404,12964.990851926479,7560.252027357535,4693.977699259682,9571.564449992105,18873.76217658124,22839.328227984322,17527.89506649575,12794.587211786169,5609.751963578444,3137.445060743645,8306.04113760372,17322.02537465959,5858.985262707478,18832.425926676467,26076.74983741388,8861.272065201589,12820.6887321466,14457.626582248762,20311.488060467098,5548.120222195915,20606.108408721062,7239.270261253565,12526.787566209823,12128.022481030452,12654.769847144344,11929.15462672494,17005.648271605394,22709.937012916565,12533.099183095906,18673.73547231645,20152.57955125493,10722.98310891503,11136.911546895797,3274.7100348751824,15727.166618754722,10106.012895210884,27342.645493433127,10782.11418401214,16399.005598960233,24221.800459731203,19760.73943408358,16575.70831228503,32794.17128856492,36544.373514022904,19779.08935127101,2412.617570156828,10734.255694426198,22588.667531453655,10781.695777295838,27085.313824285175,25194.912971326,7693.428228234482,28819.586058025954,19918.48326203978,15075.76110585543,5151.206175350216,10341.519830679099,15933.74445346976,14569.4480153188,7971.37362258907,30415.155999774586,26964.102272554577,23397.682400736612,26189.345218239556,14944.666645712745,3689.034014091313,35929.981044171414,4146.548493948874,5609.687429865918,28600.462843069236,7509.497816735815,14511.87257342587,29826.408989678595,31848.692545098358,6460.938914564636,2443.96925311269,6382.9895227558645,15775.699619575315,23033.00860860215,26654.235293549802,13749.553217768029,10988.383237524298,23080.702192855813,3588.867514256767,8317.544569338332,9220.663037871327,20722.886680039595,3625.461486205123,17784.34469221486,18200.0791122319,15315.214597996122,6486.380007485465,14545.89997720061,21148.064591658404,9975.03482834657,8828.50151695704,20298.39983623603,12884.83486142455,14847.855280470567,12280.469666404022,13063.498371241014,10302.21101702468,12982.103323635758,8625.80464966741,3586.598145450338,5636.908449258588,6638.354322042349,21803.569479464855,10310.572916301515,19395.07767851231,3476.939833243581,17567.324536884524,5475.990881645715,14061.858368293793,3586.391311043654,18690.182595230443,12823.635194316115,1438.318089696163,15065.741575287399,5967.636618069865,3733.996293147874,9411.489226494181,7810.700861893875,8645.914029208689,14989.034953112174,765.2737806345996,1988.7202892025082,13715.010152230445,6491.2504658149755,7398.593518579645,8554.104530243581,7927.237161394733,5003.906683593933,7882.218050748337,11881.944337064548,14828.454075453286,15247.803217603278,12191.338139422187,22329.52467198276,11144.477928469538,7098.39961749677,22736.46388068922,11480.21475301885,7259.164417484921,21535.14605288339,16706.255604012225,3437.35584829847,9126.644916127505,14459.625125286111,25647.227082401045,30573.412083750947,12106.873146990594,14937.662448660732,21900.967650910505,15582.065052535763,4482.5114980205135,13271.903428354835,13257.041252616176,15992.271465852102,17437.78921847586,18085.94886905166,21335.429603349745,2984.6913051720703,6533.081686181435,9989.265088022397,6583.509800260235,16193.64122962624,6421.847858436946,3846.406245100938,11240.180082335548,6132.60747083708,12328.437757180274,7162.63760946693,9409.135193465658,2405.22653123222,12359.230987074983,14285.04490533794,25212.408706012502,10766.735712243295,8762.52048862319,9388.079629506678,8279.985220695193,21874.853922182996,6347.690412597152,18455.268986185984,2887.9439710485426,7242.887733048882,7490.248228480719,9834.032140615867,11031.150800301915,9412.932848984332,11354.944365918824,1621.439253844833,6029.7773521492745,6516.741611644949,4461.256790046975,7954.634166531307,8724.782668660066,7493.13881374455,7142.763822191808,9329.947050043631,8751.382522005562,10114.442121146138,5185.903481796679,4560.754421566242,13950.696420580269,4588.600139075269,8710.228099470705,3517.830982432476,7300.229098530909,5648.2693644994715,3316.540190206955,7500.987856411528,10471.771183595052,2878.10332013448,14784.555576528877,5303.717879865993,8747.70762509674,1671.604130351977,6732.206423804107,5611.394612641705,4500.710756660979,3856.1298329366377,7327.636454297939,4139.917336215823,6404.174767693211,4492.015955204398,10388.631191983603,3694.038311882736,8247.282700499447,3742.2176744328003,7116.1398707306025,6368.358608788993,9769.898641092217,8010.228008762326,8246.898105200604,8066.326729925654,4685.676686113423,1894.4593481771267,7925.841425509125,2045.482467940495,12756.717073102338,5224.6390605604265,1336.1753008852331,2879.918897837664,4779.2583773125325,10771.505459083268,11833.271001884783,6542.0069454093,7167.466453723236,3445.313729678405,8297.019222876728,7710.459389686193,9120.785676197089,4956.100668227136,5058.832730784852,4638.260375203744,3377.925492991484,3928.0119179751464,7847.021941313561,12901.617045890955,10405.362981320817,4703.687137573642,9564.353015727971,3246.58691415371,10510.651438387229,13264.569259601654,5039.4315943820275,12402.481416692155,7252.633079387337,4502.294361706748,5775.7905157387695,5380.699842759559,8747.133005577327,10812.377260823801,5173.630596554094,4184.258357204806,4564.059690020134,5035.181581450334,3405.054016829205,8149.263783151988,4075.300853481294,6601.835213224231,6847.704663586485,6675.242267037195,4834.081478206521,3559.689815429908,8696.169795685042,4338.598201903421,1989.764734578298,3586.4818448333735,7486.509482208112,9495.052471155852,9035.243743095229,3553.788806987761,4041.659516754313,6915.295932438435,4356.369894928663,6330.322223392662,5626.854177574951,7721.684408391584,3430.5586701856178,6742.893230707648,2714.5350707068874,4952.035953458642,8111.751790229773,9811.609390496973,1710.7544869002686,2041.091835857922,3911.780547176091,8407.349037525808,8762.401491140394,2960.8665829263764,6685.6706374793375,2161.6879768233607,9610.917742573929,8226.571795746944,5086.197120181775,8825.636993704558,5381.080369126903,3793.513694705399,2131.9549512458707,2106.2141246831543,8091.659588523982,7063.682393781291,8972.630842824145,2111.3651890944357,10275.731249780354,7683.795854372591,14637.776801695303,8719.083439095526,8353.771522050987,10118.677235837959,10087.075378830636,3521.2442902647117,5847.7409701466695,9169.8424467765,13478.181412780163,6573.926882978733,5438.514031855982,8088.6997595365,8289.698522226246,4752.91483792045,1389.1073062080627,6727.226586086588,3075.0199820162347,12073.158177330086,2249.0029385078415,5824.6697217166475,3929.1499387178956,4544.88690472586,4647.191289815507,6182.320447009919,6426.096945351471,4430.7325853911,3219.96312600871,1811.8158603305076,5375.189966056942,7991.357895956013,8501.594124652434,3333.1329652367212,6863.300027650565,3216.4669180266783,5614.259534530723,1768.1671243011358,5948.813743211885,4679.540460566302,3564.2632797187935,967.4052970955964,3964.2849393037914,2233.3260916189,1674.3169450909907,5145.983610990173,9175.425439416802,2950.7804412612113,3898.519777351754,1139.6920585679834,4226.803064450315,4465.588982767142,7863.470947316259,1215.9195254346669,6928.616380402303,9671.610091488732,6971.764028298914,7735.0925606808305,2123.8477342113792,8051.751853357306,10123.833444825457,6986.661286588764,2441.6726695283883,7934.550270169924,8676.87233196022,6681.7853202587385,4669.497064486917,4358.195349736817,4430.384844180205,12524.455957882808,4964.933475663888,4415.302162032274,2263.230481878158,6986.683118207881,6438.964878536034,5061.262880028987,10219.772747155755,7712.03879770446,6140.295900935346,4286.315481170492,4882.691330218579,9044.221963332911,2781.7546981398655,12001.664903300394,5080.782141853191,1970.1713163948568,11434.03020598003,7062.995067748748,1408.2254876708887,3653.4415734800577,3454.7163956653467,2013.1350971626766,12882.796145370203,18482.05245135599,1055.4292458581137,10995.125471562846,7994.75732280537,11019.626397927106,9743.009905025854,22281.454244060875,19586.041351510925,14644.225016507009,14335.536652623116,21384.950030560904,14690.328917716926,5852.520941650273,11830.541335209842,5224.267118629884,15569.578781979682,10180.45735581857,30559.911679271896,11703.295978157099,15487.794405116167,12552.34153727227,16491.75686999599,9537.177609964741,8357.637234470269,3980.3364120310966,22960.33590154179,8317.722802113274,17510.28816959737,11882.99429965315,8013.260859831309,9597.002358147043,10109.367562397805,5319.974561422881,15833.496279958199,10029.129160682292,13439.058310885568,16792.369469241225,7863.417912294868,4285.607139298296,10847.545620970996,12961.477827172463,8605.180018913206,10106.391765507718,22606.610919699702,14043.070625876559,20222.503022020966,1515.6746655912923,20129.928499776423,10218.101052874365,14833.257047880803,10106.126519136136,3743.790781939993,20482.733136401774,8335.62257485353,6338.851754792061,8895.429044485465,14824.977374101281,5764.7601874477505,7719.112857681789,8259.956621007883,6408.471144246646,8802.858689793597,15108.632414334988,18536.356931531514,3087.404215182744,17293.873623591,18327.612343953988,6516.588521653451,1198.7588188641957,6989.639816389691,18538.029542911358,16263.542974604788,15117.61462227616,33123.31456970567,16748.50834382318,19541.737568579807,23836.219569255245,8200.083651138446,7457.27230864444,13075.34193265046,4459.644336319099,19760.846201809098,11659.554927896812,10201.58058038855,22553.11096917459,13178.21402509391,14301.278843962866,9966.623660977913,10835.936936874114,11811.828343287874,24658.41800512464,16420.845669226903,12170.346182614898,20751.208297362995,4977.564410798546,14219.482926306973,15863.566722515829,14401.5073640288,22430.592741580687,20644.67356707999,4012.323505212041,5567.686358681395,19432.080571048886,9971.609053258875,9971.609053258875,19432.080571048886,5567.686358681395,4012.323505212041,20644.67356707999,22430.592741580687,14401.5073640288,15863.566722515829,14219.482926306973,4977.564410798546,20751.208297362995,12170.346182614898,16420.845669226903,24658.41800512464,11811.828343287874,10835.936936874114,9966.623660977913,14301.278843962866,13178.21402509391,22553.11096917459,10201.58058038855,11659.554927896812,19760.846201809098,4459.644336319099,13075.34193265046,7457.27230864444,8200.083651138446,23836.219569255245,19541.737568579807,16748.50834382318,33123.31456970567,15117.61462227616,16263.542974604788,18538.029542911358,6989.639816389691,1198.7588188641957,6516.588521653451,18327.612343953988,17293.873623591,3087.404215182744,18536.356931531514,15108.632414334988,8802.858689793597,6408.471144246646,8259.956621007883,7719.112857681789,5764.7601874477505,14824.977374101281,8895.429044485465,6338.851754792061,8335.62257485353,20482.733136401774,3743.790781939993,10106.126519136136,14833.257047880803,10218.101052874365,20129.928499776423,1515.6746655912923,20222.503022020966,14043.070625876559,22606.610919699702,10106.391765507718,8605.180018913206,12961.477827172463,10847.545620970996,4285.607139298296,7863.417912294868,16792.369469241225,13439.058310885568,10029.129160682292,15833.496279958199,5319.974561422881,10109.367562397805,9597.002358147043,8013.260859831309,11882.99429965315,17510.28816959737,8317.722802113274,22960.33590154179,3980.3364120310966,8357.637234470269,9537.177609964741,16491.75686999599,12552.34153727227,15487.794405116167,11703.295978157099,30559.911679271896,10180.45735581857,15569.578781979682,5224.267118629884,11830.541335209842,5852.520941650273,14690.328917716926,21384.950030560904,14335.536652623116,14644.225016507009,19586.041351510925,22281.454244060875,9743.009905025854,11019.626397927106,7994.75732280537,10995.125471562846,1055.4292458581137,18482.05245135599,12882.796145370203,2013.1350971626766,3454.7163956653467,3653.4415734800577,1408.2254876708887,7062.995067748748,11434.03020598003,1970.1713163948568,5080.782141853191,12001.664903300394,2781.7546981398655,9044.221963332911,4882.691330218579,4286.315481170492,6140.295900935346,7712.03879770446,10219.772747155755,5061.262880028987,6438.964878536034,6986.683118207881,2263.230481878158,4415.302162032274,4964.933475663888,12524.455957882808,4430.384844180205,4358.195349736817,4669.497064486917,6681.7853202587385,8676.87233196022,7934.550270169924,2441.6726695283883,6986.661286588764,10123.833444825457,8051.751853357306,2123.8477342113792,7735.0925606808305,6971.764028298914,9671.610091488732,6928.616380402303,1215.9195254346669,7863.470947316259,4465.588982767142,4226.803064450315,1139.6920585679834,3898.519777351754,2950.7804412612113,9175.425439416802,5145.983610990173,1674.3169450909907,2233.3260916189,3964.2849393037914,967.4052970955964,3564.2632797187935,4679.540460566302,5948.813743211885,1768.1671243011358,5614.259534530723,3216.4669180266783,6863.300027650565,3333.1329652367212,8501.594124652434,7991.357895956013,5375.189966056942,1811.8158603305076,3219.96312600871,4430.7325853911,6426.096945351471,6182.320447009919,4647.191289815507,4544.88690472586,3929.1499387178956,5824.6697217166475,2249.0029385078415,12073.158177330086,3075.0199820162347,6727.226586086588,1389.1073062080627,4752.91483792045,8289.698522226246,8088.6997595365,5438.514031855982,6573.926882978733,13478.181412780163,9169.8424467765,5847.7409701466695,3521.2442902647117,10087.075378830636,10118.677235837959,8353.771522050987,8719.083439095526,14637.776801695303,7683.795854372591,10275.731249780354,2111.3651890944357,8972.630842824145,7063.682393781291,8091.659588523982,2106.2141246831543,2131.9549512458707,3793.513694705399,5381.080369126903,8825.636993704558,5086.197120181775,8226.571795746944,9610.917742573929,2161.6879768233607,6685.6706374793375,2960.8665829263764,8762.401491140394,8407.349037525808,3911.780547176091,2041.091835857922,1710.7544869002686,9811.609390496973,8111.751790229773,4952.035953458642,2714.5350707068874,6742.893230707648,3430.5586701856178,7721.684408391584,5626.854177574951,6330.322223392662,4356.369894928663,6915.295932438435,4041.659516754313,3553.788806987761,9035.243743095229,9495.052471155852,7486.509482208112,3586.4818448333735,1989.764734578298,4338.598201903421,8696.169795685042,3559.689815429908,4834.081478206521,6675.242267037195,6847.704663586485,6601.835213224231,4075.300853481294,8149.263783151988,3405.054016829205,5035.181581450334,4564.059690020134,4184.258357204806,5173.630596554094,10812.377260823801,8747.133005577327,5380.699842759559,5775.7905157387695,4502.294361706748,7252.633079387337,12402.481416692155,5039.4315943820275,13264.569259601654,10510.651438387229,3246.58691415371,9564.353015727971,4703.687137573642,10405.362981320817,12901.617045890955,7847.021941313561,3928.0119179751464,3377.925492991484,4638.260375203744,5058.832730784852,4956.100668227136,9120.785676197089,7710.459389686193,8297.019222876728,3445.313729678405,7167.466453723236,6542.0069454093,11833.271001884783,10771.505459083268,4779.2583773125325,2879.918897837664,1336.1753008852331,5224.6390605604265,12756.717073102338,2045.482467940495,7925.841425509125,1894.4593481771267,4685.676686113423,8066.326729925654,8246.898105200604,8010.228008762326,9769.898641092217,6368.358608788993,7116.1398707306025,3742.2176744328003,8247.282700499447,3694.038311882736,10388.631191983603,4492.015955204398,6404.174767693211,4139.917336215823,7327.636454297939,3856.1298329366377,4500.710756660979,5611.394612641705,6732.206423804107,1671.604130351977,8747.70762509674,5303.717879865993,14784.555576528877,2878.10332013448,10471.771183595052,7500.987856411528,3316.540190206955,5648.2693644994715,7300.229098530909,3517.830982432476,8710.228099470705,4588.600139075269,13950.696420580269,4560.754421566242,5185.903481796679,10114.442121146138,8751.382522005562,9329.947050043631,7142.763822191808,7493.13881374455,8724.782668660066,7954.634166531307,4461.256790046975,6516.741611644949,6029.7773521492745,1621.439253844833,11354.944365918824,9412.932848984332,11031.150800301915,9834.032140615867,7490.248228480719,7242.887733048882,2887.9439710485426,18455.268986185984,6347.690412597152,21874.853922182996,8279.985220695193,9388.079629506678,8762.52048862319,10766.735712243295,25212.408706012502,14285.04490533794,12359.230987074983,2405.22653123222,9409.135193465658,7162.63760946693,12328.437757180274,6132.60747083708,11240.180082335548,3846.406245100938,6421.847858436946,16193.64122962624,6583.509800260235,9989.265088022397,6533.081686181435,2984.6913051720703,21335.429603349745,18085.94886905166,17437.78921847586,15992.271465852102,13257.041252616176,13271.903428354835,4482.5114980205135,15582.065052535763,21900.967650910505,14937.662448660732,12106.873146990594,30573.412083750947,25647.227082401045,14459.625125286111,9126.644916127505,3437.35584829847,16706.255604012225,21535.14605288339,7259.164417484921,11480.21475301885,22736.46388068922,7098.39961749677,11144.477928469538,22329.52467198276,12191.338139422187,15247.803217603278,14828.454075453286,11881.944337064548,7882.218050748337,5003.906683593933,7927.237161394733,8554.104530243581,7398.593518579645,6491.2504658149755,13715.010152230445,1988.7202892025082,765.2737806345996,14989.034953112174,8645.914029208689,7810.700861893875,9411.489226494181,3733.996293147874,5967.636618069865,15065.741575287399,1438.318089696163,12823.635194316115,18690.182595230443,3586.391311043654,14061.858368293793,5475.990881645715,17567.324536884524,3476.939833243581,19395.07767851231,10310.572916301515,21803.569479464855,6638.354322042349,5636.908449258588,3586.598145450338,8625.80464966741,12982.103323635758,10302.21101702468,13063.498371241014,12280.469666404022,14847.855280470567,12884.83486142455,20298.39983623603,8828.50151695704,9975.03482834657,21148.064591658404,14545.89997720061,6486.380007485465,15315.214597996122,18200.0791122319,17784.34469221486,3625.461486205123,20722.886680039595,9220.663037871327,8317.544569338332,3588.867514256767,23080.702192855813,10988.383237524298,13749.553217768029,26654.235293549802,23033.00860860215,15775.699619575315,6382.9895227558645,2443.96925311269,6460.938914564636,31848.692545098358,29826.408989678595,14511.87257342587,7509.497816735815,28600.462843069236,5609.687429865918,4146.548493948874,35929.981044171414,3689.034014091313,14944.666645712745,26189.345218239556,23397.682400736612,26964.102272554577,30415.155999774586,7971.37362258907,14569.4480153188,15933.74445346976,10341.519830679099,5151.206175350216,15075.76110585543,19918.48326203978,28819.586058025954,7693.428228234482,25194.912971326,27085.313824285175,10781.695777295838,22588.667531453655,10734.255694426198,2412.617570156828,19779.08935127101,36544.373514022904,32794.17128856492,16575.70831228503,19760.73943408358,24221.800459731203,16399.005598960233,10782.11418401214,27342.645493433127,10106.012895210884,15727.166618754722,3274.7100348751824,11136.911546895797,10722.98310891503,20152.57955125493,18673.73547231645,12533.099183095906,22709.937012916565,17005.648271605394,11929.15462672494,12654.769847144344,12128.022481030452,12526.787566209823,7239.270261253565,20606.108408721062,5548.120222195915,20311.488060467098,14457.626582248762,12820.6887321466,8861.272065201589,26076.74983741388,18832.425926676467,5858.985262707478,17322.02537465959,8306.04113760372,3137.445060743645,5609.751963578444,12794.587211786169,17527.89506649575,22839.328227984322,18873.76217658124,9571.564449992105,4693.977699259682,7560.252027357535,12964.990851926479,13181.812619652404,6536.3595551221115,20348.488477601597,17991.352614385738,11670.032163942224,6627.63943813601,11651.399755054614,10515.838043930116,16958.12953110217,7694.336053483077,10300.544885384663,5637.835191175654,12282.182654651278,3087.350175469825,17391.266515098876,6114.6328831316805,4403.151709175892,12381.12878450631,5884.6558543534275,10660.260690019344,14360.41590075052,13189.620701145432,15058.288214510698,8232.155561883057,10564.191887538454,9508.440444261178,3227.8463414716666,15487.52022561617,12276.774844965352,14046.957286257775,9728.230202552038,13169.267740814726,8452.07851911528,14508.274229655864,6066.405627319793,10571.616704972534,10981.114024544599,12500.544863801404,11616.715752286189,5168.741906072741,7071.601538552526,23484.69339169173,14387.725843161139,3129.6365074486425,18188.534219718884,6455.974638036107,20093.058117632965,26095.738490123942,9506.751018000465,18732.601952897185,12699.485280965291,8610.550293072407,17052.947294514426,7634.555321147705,18576.659329035767,15879.41576032167,5425.941193743424,8094.13436664067,18277.646899763356,9479.505017339576,9197.64803911976,12248.293482829367,9973.612208039644,16678.309493498055,13940.623694537144,8156.621229234161,16520.440669293264,7446.347347130182,15848.850163849444,19607.7985634255,9324.076203757362,20255.38987225829,16401.90292963755,25599.461452224597,24045.393706546434,755.3117762539255,584.0932030773874,15370.682894898688,17724.15423639012,10843.544648825891,15744.736413360628,10084.005506284539,16763.907819950193,32187.399975398515,9834.417052628623,32437.137608721936,20121.75061195933,11067.592399878375,1836.1501704414484,31485.999870465188,32640.979038724414,35282.670682092205,7859.0831132853855,52182.93356533429,23286.179226102926,19422.257802472683,29156.626502613573,25725.327639928397,15418.233077348095,30134.10339945675,48623.88079826883,11970.188885350823,9588.841510575414,29854.771414884017,9253.518074077647,5389.5092387567865,17683.008123963427,31517.562707363348,11568.012070301464,24058.75287974298,17502.17950470885,7616.529525828335,8988.741209429434,7088.7965720102175,12393.104551130733,12754.794770670082,1904.3455841939808,9551.193380493027,5603.61528895006,17792.48552468059,13269.796418983025,2420.4218824992204,9611.391077240953,11131.84696041207,11041.619828639446,12380.929559822318,13048.575477638373,9442.988030768674,28491.717690429017,12541.689921196572,14467.66797575346,9678.635121463058,2094.1216122045175,2488.3100151636922,7825.238320617408,12892.09709142407,7760.648976776975,9265.537512953359,16984.23012142985,18600.906380753695,6941.352289883359,6993.437317944707,5117.257078996133,5744.6414737753485,15055.133664535033,11252.33286968564,22789.006777095277,21002.30767075751,14078.89516868872,10829.42685545186,8290.746887646432,2872.7932096195595,21736.6432457289,18375.596114082953,13299.260688705059,11227.965747858787,4474.089593448285,12341.675758129011,19290.844218425413,14241.793509987867,24971.835594243916,13330.62322053825,4635.51946473124,10242.74515051318,15205.923197428614,5491.294812607757,21397.977833129546,2152.439591830443,36330.30657781449,18322.58086677316,14327.277525379623,16476.70735115692,20104.059323918125,26365.30807544021,47044.99689029514,36267.71453616905,19397.805980477868,19018.93695223831,14248.560299222167,42883.09178112327,31881.801428981445,42428.243747169705,42104.50400131144,5999.898246878417,18539.588736287034,22853.792397378264,42944.21806312625,24695.593265175532,10770.157924891626,8660.988331045888,11488.50482265602,16391.529829997817,19262.57406081762,25303.97419670351,16670.04710828386,19837.26628411647,18968.651834148975,21066.293447064443,33358.65491255013,23861.937237128754,6162.383365262835,56585.96085953292,29605.292383218086,37751.29413552893,39621.536667788394,6688.8085061507745,21523.57546766711,17061.155124944682,53598.271184949255,49477.59399469129,80515.59224151558,12273.276241233403,13403.119289411143,32549.410495093307,38320.873052678144,40131.151070858694,22797.85687155191,12056.961020987656,26411.51577722323,20664.180167997903,38468.52060768443,22811.773354088695,33499.4158649352,13888.405582051817,14808.590271908342,40242.72004572537,27035.9250411276,31097.610339676292,36162.111695631545,49654.76822620936,20863.178416806342,32644.533676560874,33721.53154008572,23230.740518808147,38541.06744594751,21387.346304147177,33667.07238124866,9264.091899333813,7335.753154088408,11804.183307144727,14886.490666973374,9512.145447758307,14149.318290591535,38774.28931041799,28384.50862622435,37462.218663157044,34459.11854038349,20861.69398732002,9054.5105661278,20336.001718809628,22520.057448805645,25883.590243323128,15798.63988724862,26336.98509383915,19167.52423328157,12933.206348892287,5665.481904833476,34254.33801132197,21858.333224648813,14968.10033838198,22152.161316420814,55429.957425085275,7451.982800273347,25192.320812168637,37211.936618685264,33441.01808461856,26406.39068243509,111978.78987929298,76475.74438417405,63464.82877457726,56431.89551499383,23398.354452430056,15645.33914386298,78789.35642460856,62791.05841953416,14142.063451178943,58782.770403747614,89885.70144808544,30348.467030624208,53778.72429051934,64926.92003432004,34944.06095678389,111594.78338012633,221233.82819406016,211804.45276722428,52102.11533405799,70916.23417812899,103630.02885813767,73579.70673580773,39005.87644878905,1267.1353518862936,1624.9313831666868,1081.1662684342316,1633.4166645409255,2778.9296500631326,6298.20010002858,5219.155151937909,6690.644363587115,2410.5270170649414,1834.234990397905,1156.826694021192,1325.8252147247772,5752.313664952566,5574.122756093556,2828.4271247461907,1899.2888142670674,1001.2632021601516,3949.8984797080557,3110.5627304396235,1624.9313831666868,1328.6536418495232,1325.8252147247772,1594.5257915756652,1653.9227611953352,4048.186322292985,6927.525135284606,5103.8967466045015,5430.580079512687,1896.4603871423212,1827.8710293672261,1828.5781361484128,4999.952049770078,4793.476869663607,6199.91225744365,5140.666299226202,1301.076477383248,1034.4972208759195,1501.8948032402275,1750.7963902178922,1516.744045645145,6525.8884835706485,5463.106991447268,7115.615539080229,4086.3700884770597,1693.5207409417822,1211.981022953743,1369.6658351583433,1326.5323215059634,2119.9061299972705,6904.19061150545,2221.7295064881328,90.50966799187813,745.2905473706214,113.84419177103422,668.9230150024741,1429.7699115591995,153.4421715174808,485.7823586751583,1035.2043276571058,567.8067452927977,530.3300858899108,296.98484809834997,467.3975823643082,818.1225458328354,768.6250711497769,1968.5852788233483,627.9108216936545,151.3208511739212,657.6093065034895,740.3407999023152,673.1656556895933,20.50609665440993,467.39758236430816,53.033008588991265,204.3538597629124,1741.6040020624666,1031.6687937511729,274.35743110038084,739.6336931211285,500.6316010800758,700.7428201558688,135.7645019878172,1091.0657633708431,635.6889962867067,816.0012254892754,292.742207411231,441.2346314604058,163.3416664540926,637.810316630266,321.02647865869255,71.41778489984142,825.1936136447011,554.3717164502536,1177.3327906756008,1546.4425304549798,833.6788950189399,59.39696961967002,506.9955621107548,131.52186130069765,182.43354954612926,936.2093782909892,1353.4023791910522,230.0,358.0000000000001,10.0,44.0,70.0,237.0000000000001,220.0000000000001,67.99999999999994,340.0,1684.0000000000005,1202.0000000000002,1419.0000000000002,654.0000000000002,663.0000000000002,441.0,717.0,609.9999999999999,417.00000000000006,320.0000000000001,167.9999999999999,414.0,6.0,9.0,488.0000000000001,1227.0000000000002,1258.0000000000002,1267.0,1346.0000000000002,674.0,6.0,71.0,128.99999999999994,206.99999999999994,1.0000000000000568,1694.0,466.0,2049.0000000000005,44.0,71.0,221.0,175.00000000000006,340.0,1.0000000000000568,488.0000000000001,488.0,551.0000000000002,544.0000000000002,3.000000000000057,1023.0000000000001,678.0000000000005,284.00000000000045,1886.9999999999995,997.0000000000002,1385.0000000000005,933.0000000000002,1511.0,1077.0,373.0000000000001,67.99999999999989,183.0,467.0000000000002,595.0000000000001,1593.9999999999998,810.9999999999995,616.0,311.0000000000002,1049.0000000000002,902.9999999999998,2244.0000000000005,1042.0000000000002,6.0,142.00000000000023,2.0,229.0000000000001,219.00000000000023,3.0,383.0000000000001,397.0000000000001,420.0,509.0000000000001,187.00000000000023,474.0,1393.0000000000002,1441.0000000000005,713.0000000000002,0.0,956.9999999999993,354.0000000000001,6.0,71.0,128.99999999999994,206.99999999999994,263.0000000000001,10.000000000000057,8.999999999999943,237.0000000000001,220.0000000000001,756.0000000000001,719.9999999999995,320.0,714.0000000000001,6.0,4.242640687119291,312.54119728445403,510.5310960166874,12.727922061357873,2.828427124746156,0.0,79.19595949289328,0.0,103.23759005323595,4.242640687119291,8.485281374238582,335.16861428242373,19.79898987322349,345.06810921903525,4.242640687119291,108.89444430272829,301.22748878546935,4.242640687119291,492.146319705837,0.0,22.627416997969476,206.47518010647173,206.47518010647173,1494.8237354283615,0.0,924.8956697920044,479.4183976444792,466.69047558312127,210.71782079359127,107.48023074035518,1746.5537495307724,0.0,1414.213562373095,192.333044482741,0.0,188.09040379562168,4.242640687119291,439.8204178980327,28.284271247461902,299.8132752230962,4.242640687119291,4.242640687119319,4.242640687119291,4.242640687119291,1.4142135623730496,11.313708498984795,104.65180361560908,25.45584412271569,383.25187540310867,0.0,2.828427124746213,107.48023074035518,0.0,1090.3586565896562,0.0,913.5819612930193,479.4183976444792,490.7321061434641,4.242640687119291,4.242640687119291,113.13708498984761,26.87005768508891,106.06601717798219,296.98484809834997,292.74220741123065,8.485281374238582,4.242640687119291,0.0,1.4142135623731065,1438.2551929334377,1558.4633457351506,483.66103833159843,0.0,29.69848480983501,79.19595949289328,0.0,87.68124086713186,4.242640687119291,328.09754647055814,9.899494936611518,347.89653634378146,108.89444430272829,301.22748878546935,4.242640687119291,8.485281374238582,7.071067811865447,104.65180361560908,25.45584412271569,100.40916292848988,4.242640687119291,4.242640687119291,113.13708498984761,26.87005768508891,106.06601717798219,296.98484809834997,292.74220741123065,8.485281374238582,1446.740474307676,0.0,1866.7619023324855,503.4600282048218,101.82337649086276,0.0,1039.4469683442253,1409.9709216859758,0.0,929.1383104791234,0.0,914.9961748553924,152.7350647362939,773.5748186180832,0.0,1363.3018741276635,1.414213562373135,12.727922061357845,305.47012947258855,0.0,248.9015869776648,271.5290039756343,4.242640687119291,230.51681066681454,11.313708498984852,50.91168824543149,4.242640687119291,388.9087296526012,332.3401871576773,941.8662325404812,278.6000717874997,1383.1008640008868,444.0630585851517,499.2173875177025,939.0378054157353,1483.5100269293769,0.0,1412.7993488107218,135.76450198781708,0.0,263.0437226013957,0.0,1473.6105319927651,12.727922061357845,4.242640687119291,332.3401871576773,550.1290757631341,1.414213562373135,12.727922061357845,1.414213562373135,313.9554108468272,8.485281374238525,301.22748878546935,4.242640687119291,8.485281374238582,335.16861428242373,19.79898987322349,345.06810921903525,4.242640687119291,4.242640687119319,4.242640687119291,4.242640687119291,79.19595949289328,735.3910524340095,470.9331162702406,941.8662325404812,0.0,288.4995667241112,1449.5689014324225,0.0,929.1383104791234,0.0,875.3981951089457,135.76450198781708,135.76450198781708,649.1240251292508,0.0,1033.7901140947324,4.242640687119319,4.242640687119291,4.242640687119291,113.13708498984761,26.87005768508891,106.06601717798219,296.98484809834997,292.74220741123065,8.485281374238582,322.4406922210658,108.8944443027284,11.313708498984738,8.485281374238554,288.4995667241114,292.74220741123065,8.485281374238582,335.16861428242373,19.79898987322349,345.06810921903525,4.242640687119291,479.4183976444792,0.0,76.36753236814707,588.3128419472075,135.76450198781708,1718.2694782833105,835.8002153624993,8.485281374238582,8.485281374238554,6.0,12.0,6.0,324.0,704.0000000000001,6.0,6.0,0.0,0.0,12.0,0.0,0.0,148.0,12.0,0.0,0.0,142.00000000000006,12.0,6.0,12.0,6.0,6.0,12.0,154.00000000000006,1.9999999999999432,10.0,15.999999999999943,168.00000000000003,6.0,12.0,6.0,135.99999999999997,0.0,141.99999999999997,6.0,12.0,6.0,678.0,698.0,698.0,1364.0,1332.0,0.0,291.9999999999998,291.9999999999998,0.0,507.9999999999999,10.0,684.0,684.0,684.0,664.0,684.0,6.0,0.0,648.0,665.9999999999999,367.9999999999998,0.0,151.99999999999977,151.99999999999977,10.0,669.9999999999999,669.9999999999999,669.9999999999999,14.0,296.0,24.0,0.0,0.0,284.0,6.0,6.0,12.0,6.0,0.0,0.0,0.0,0.0,248.00000000000003,6.0,12.0,136.00000000000006,142.00000000000006,12.0,6.0,6.0,12.0,6.0,7.999999999999972,7.999999999999972,0.0,0.0,148.00000000000003,12.0,0.0,0.0,542.0,669.9999999999999,669.9999999999999,1336.0,1332.0,151.99999999999977,0.0,151.99999999999977,151.99999999999977,442.00000000000006,647.9999999999999,655.9999999999999,655.9999999999999,8.000000000000028,1356.0,22.000000000000114,655.9999999999999,1322.0,648.0,12.0,6.0,6.0,12.0,154.00000000000006,1.9999999999999432,10.0,15.999999999999943,168.00000000000003,6.0,12.0,136.00000000000006,142.00000000000006,12.0,6.0,6.0,12.0,6.0,7.999999999999972,7.999999999999972,0.0,2.0,678.0,0.0,63.99999999999977,468.0000000000001,658.0,5.999999999999886,642.0,642.0,14.0,0.0,148.0,12.0,0.0,0.0,141.99999999999997,6.0,12.0,6.0,154.00000000000003,2.0,10.0,16.000000000000057,168.0,12.0,6.0,135.99999999999997,0.0,141.99999999999997,6.0,12.0,6.0,6.0,15.999999999999972,6.0,0.0,148.00000000000003,12.0,0.0,0.0,142.00000000000006,12.0,6.0,6.0,12.0,154.00000000000006,1.9999999999999432,10.0,15.999999999999943,168.00000000000003,6.0,12.0,136.00000000000006,142.00000000000006,12.0,6.0,6.0,12.0,678.0,642.0,642.0,24.0,0.0,0.0,568.0000000000002,0.0,143.99999999999977,0.0,0.0,10.0,95.99999999999989,10.0,627.9999999999999,627.9999999999999,627.9999999999999,14.0,1356.0,627.9999999999999,627.9999999999999,704.0000000000001,665.9999999999999,271.9999999999998,56.0,1034.0000000000002,40.00000000000003,613.9999999999999,613.9999999999999,678.0,50.0,6.0,15.999999999999972,6.0,0.0,148.00000000000003,12.0,0.0,0.0,108.0,676.0000000000002,366.0000000000001,6.0,12.0,6.0,6.0,308.0000000000001,3.999999999999943,20.0,32.0,104.00000000000006,6.0,12.0,6.0,0.0,1084.0,613.9999999999999,613.9999999999999,718.0000000000001,665.9999999999999,271.9999999999998,271.9999999999998,404.00000000000006,360.0000000000001,452.00000000000006,10.0,600.0,600.0,728.0,14.0,600.0,600.0,600.0,666.0000000000001,0.0,191.99999999999977,0.0,191.99999999999977,191.99999999999977,462.0000000000001,10.0,585.9999999999999,585.9999999999999,585.9999999999999,14.0,6.0,0.0,6.0,12.0,6.0,352.0,760.0000000000001,6.0,15.999999999999972,6.0,0.0,6.0,15.999999999999972,6.0,0.0,148.0,12.0,0.0,0.0,141.99999999999997,6.0,12.0,6.0,6.0,12.0,154.00000000000006,1.9999999999999432,10.0,15.999999999999943,168.00000000000003,6.0,12.0,136.00000000000006,142.00000000000006,12.0,6.0,6.0,12.0,148.0,12.0,542.0,585.9999999999999,585.9999999999999,1252.0,1332.0,0.0,191.99999999999977,191.99999999999977,0.0,407.9999999999998,10.0,571.9999999999999,571.9999999999999,571.9999999999999,14.0,1356.0,571.9999999999999,571.9999999999999,760.0000000000001,665.9999999999999,191.99999999999977,0.0,191.99999999999977,0.0,672.0000000000001,658.0,557.9999999999999,557.9999999999999,1222.0,28.0,136.00000000000006,142.00000000000006,12.0,6.0,6.0,12.0,154.00000000000006,1.9999999999999432,10.0,15.999999999999943,168.00000000000003,6.0,12.0,136.00000000000006,142.00000000000006,12.0,6.0,6.0,12.0,148.0,12.0,142.00000000000006,0.0,0.0,12.0,0.0,0.0,136.00000000000006,142.00000000000006,12.0,6.0,6.0,12.0,154.00000000000006,1.9999999999999432,10.0,15.999999999999943,168.00000000000003,6.0,12.0,136.00000000000006,542.0,557.9999999999999,557.9999999999999,1224.0,1332.0,0.0,448.0000000000002,0.0,191.99999999999977,191.99999999999977,10.0,394.0,0.0,6.0,6.0,12.0,0.0,0.0,8.485281374238568,0.0,0.0,8.485281374238568,0.0,0.0,458.20519420888286,0.0,0.0,8.485281374238568,0.0,0.0,8.485281374238568,0.0,0.0,11.313708498984752,11.313708498984752,0.0,0.0,0.0,0.0,0.0,0.0,209.3036072312181,0.0,16.970562748477164,0.0,0.0,0.0,0.0,0.0,189.50461735799473,11.313708498984752,0.0,0.0,0.0,8.485281374238568,0.0,0.0,8.485281374238568,0.0,0.0,8.485281374238568,0.0,0.0,217.7888886054567,0.0,2.828427124746156,0.0,14.142135623730951,0.0,22.627416997969533,0.0,237.58787847867998,0.0,0.0,8.485281374238568,0.0,0.0,8.485281374238568,0.0,0.0,192.33304448274095,0.0,0.0,200.8183258569795,0.0,0.0,8.485281374238568,0.0,0.0,8.485281374238568,0.0,0.0,958.8367952889585,0.0,987.1210665364204,0.0,987.1210665364204,0.0,45.25483399593905,0.0,0.0,0.0,0.0,412.9503602129437,0.0,0.0,412.9503602129437,0.0,0.0,0.0,107.48023074035518,0.0,14.142135623730951,0.0,967.322076663197,0.0,967.322076663197,0.0,967.322076663197,0.0,939.0378054157351,0.0,967.322076663197,958.8367952889585,967.322076663197,958.8367952889585,958.8367952889585,967.322076663197,0.0,941.8662325404813,0.0,0.0,90.50966799187813,0.0,0.0,214.96046148071036,0.0,0.0,214.96046148071036,0.0,14.142135623730951,0.0,947.5230867899737,0.0,947.5230867899737,0.0,947.5230867899737,0.0,19.798989873223334,0.0,0.0,0.0,0.0,0.0,0.0,0.0,0.0,0.0,0.0,8.485281374238568,0.0,0.0,8.485281374238568,0.0,0.0,8.485281374238568,0.0,0.0,0.0,0.0,0.0,0.0,0.0,0.0,0.0,350.72496346852756,0.0,0.0,8.485281374238568,0.0,0.0,192.33304448274095,0.0,0.0,200.8183258569795,0.0,0.0,8.485281374238568,0.0,0.0,8.485281374238568,0.0,0.0,8.485281374238568,0.0,0.0,11.313708498984752,11.313708498984752,0.0,0.0,0.0,0.0,0.0,0.0,209.3036072312181,0.0,16.970562748477164,0.0,0.0,0.0,0.0,0.0,766.5037508062176,0.0,947.5230867899737,0.0,947.5230867899737,0.0,5.656854249492383,0.0,0.0,0.0,214.96046148071036,0.0,0.0,214.96046148071036,0.0,0.0,214.96046148071036,625.0823945689081,0.0,916.4103884177656,0.0,927.7240969167503,0.0,927.7240969167503,0.0,11.313708498984766,0.0,0.0,0.0,958.8367952889585,927.7240969167503,0.0,927.7240969167503,0.0,14.142135623730951,0.0,967.322076663197,0.0,0.0,8.485281374238568,0.0,0.0,8.485281374238568,0.0,0.0,217.7888886054567,0.0,2.828427124746156,0.0,14.142135623730951,0.0,22.627416997969533,0.0,237.58787847867998,0.0,0.0,8.485281374238568,0.0,0.0,192.33304448274095,0.0,0.0,200.8183258569795,0.0,0.0,8.485281374238568,0.0,0.0,8.485281374238568,0.0,0.0,8.485281374238568,0.0,0.0,11.313708498984752,11.313708498984752,0.0,0.0,0.0,2.8284271247461845,0.0,0.0,958.8367952889585,0.0,0.0,0.0,90.50966799187802,0.0,661.8519471906085,0.0,930.5525240414966,916.4103884177656,907.9251070435271,0.0,907.9251070435271,0.0,907.9251070435271,0.0,19.798989873223334,0.0,0.0,209.3036072312181,0.0,16.970562748477164,0.0,0.0,0.0,0.0,0.0,200.8183258569795,0.0,0.0,8.485281374238568,0.0,0.0,8.485281374238568,0.0,0.0,217.7888886054567,0.0,2.828427124746156,0.0,14.142135623730951,0.0,22.627416997969533,0.0,237.58787847867998,0.0,0.0,8.485281374238568,0.0,0.0,192.33304448274095,0.0,0.0,200.8183258569795,0.0,0.0,8.485281374238568,0.0,0.0,8.485281374238568,0.0,0.0,8.485281374238568,0.0,0.0,0.0,8.485281374238568,0.0,0.0,0.0,209.3036072312181,0.0,16.970562748477164,0.0,0.0,0.0,0.0,0.0,200.8183258569795,0.0,0.0,8.485281374238568,0.0,0.0,8.485281374238568,0.0,0.0,217.7888886054567,0.0,2.828427124746156,0.0,14.142135623730951,0.0,22.627416997969533,0.0,237.58787847867998,0.0,0.0,8.485281374238568,0.0,0.0,192.33304448274095,0.0,0.0,200.8183258569795,0.0,0.0,8.485281374238568,0.0,0.0,8.485281374238568,0.0,0.0,958.8367952889585,0.0,907.9251070435271,0.0,907.9251070435271,0.0,33.94112549695427,0.0,0.0,0.0,0.0,0.0,101.82337649086276,905.0966799187809,0.0,0.0,0.0,0.0,0.0,0.0,0.0,0.0,14.142135623730951,0.0,0.0,135.76450198781708,0.0,14.142135623730951,0.0,888.1261171703037,0.0,888.1261171703037,0.0,888.1261171703037,0.0,19.798989873223334,0.0,0.0,888.1261171703037,0.0,888.1261171703037,0.0,888.1261171703037,0.0,941.8662325404813,0.0,384.6660889654818,0.0,384.6660889654818,305.4701294725885,384.6660889654818,14.142135623730951,0.0,0.0,0.0,868.3271272970803,0.0,868.3271272970803,958.8367952889585,0.0,70.71067811865476,0.0,0.0,8.485281374238568,0.0,0.0,0.0,8.485281374238568,0.0,0.0,0.0,209.3036072312181,0.0,16.970562748477164,0.0,0.0,0.0,0.0,0.0,152.73506473629428,0.0,0.0,517.6021638285529,0.0,0.0,8.485281374238568,0.0,0.0,8.485281374238568,0.0,0.0,8.485281374238568,0.0,0.0,0.0,0.0,0.0,0.0,0.0,0.0,0.0,373.3523804664971,0.0,8.485281374238568,0.0,0.0,8.485281374238568,0.0,0.0,0.0,0.0,0.0,868.3271272970803,0.0,868.3271272970803,0.0,868.3271272970803,0.0,941.8662325404813,0.0,384.6660889654818,0.0,384.6660889654818,0.0,520.4305909532991,0.0,509.11688245431424,0.0,610.9402589451771,0.0,930.5525240414966,916.4103884177656,848.5281374238571,0.0,848.5281374238571,0.0,848.5281374238571,0.0,19.798989873223334,0.0,0.0,848.5281374238571,0.0,848.5281374238571,0.0,848.5281374238571,0.0,941.8662325404813,0.0,0.0,271.52900397563417,0.0,0.0,0.0,271.52900397563417,0.0,0.0,271.52900397563417,653.36666581637,0.0,0.0,14.142135623730951,0.0,828.7291475506337,0.0,828.7291475506337,0.0,828.7291475506337,0.0,19.798989873223334,8.485281374238568,0.0,0.0,0.0,0.0,8.485281374238568,0.0,0.0,8.485281374238568,0.0,0.0,497.8031739553295,0.0,0.0,8.485281374238568,0.0,0.0,0.0,8.485281374238568,0.0,0.0,0.0,8.485281374238568,0.0,0.0,0.0,8.485281374238568,0.0,0.0,0.0,209.3036072312181,0.0,16.970562748477164,0.0,0.0,0.0,0.0,0.0,200.8183258569795,0.0,0.0,8.485281374238568,0.0,0.0,8.485281374238568,0.0,0.0,8.485281374238568,0.0,0.0,217.7888886054567,0.0,2.828427124746156,0.0,14.142135623730951,0.0,22.627416997969533,0.0,237.58787847867998,0.0,0.0,8.485281374238568,0.0,0.0,192.33304448274095,0.0,0.0,200.8183258569795,0.0,0.0,8.485281374238568,0.0,0.0,8.485281374238568,0.0,0.0,209.3036072312181,0.0,16.970562748477164,0.0,0.0,766.5037508062176,0.0,828.7291475506337,0.0,828.7291475506337,0.0,113.13708498984761,0.0,0.0,0.0,0.0,271.52900397563417,0.0,0.0,271.52900397563417,0.0,0.0,0.0,33.94112549695433,0.0,14.142135623730951,0.0,808.9301576774103,0.0,808.9301576774103,0.0,808.9301576774103,0.0,19.798989873223334,0.0,0.0,808.9301576774103,0.0,808.9301576774103,0.0,808.9301576774103,0.0,941.8662325404813,0.0,0.0,271.52900397563417,0.0,0.0,0.0,271.52900397563417,0.0,0.0,271.52900397563417,610.9402589451771,0.0,930.5525240414966,0.0,789.131167804187,0.0,789.131167804187,0.0,149.90663761154806,0.0,0.0,192.33304448274095,0.0,0.0,200.8183258569795,0.0,0.0,8.485281374238568,0.0,0.0,8.485281374238568,0.0,0.0,217.7888886054567,0.0,2.828427124746156,0.0,14.142135623730951,0.0,22.627416997969533,0.0,237.58787847867998,0.0,0.0,8.485281374238568,0.0,0.0,192.33304448274095,0.0,0.0,200.8183258569795,0.0,0.0,8.485281374238568,0.0,0.0,8.485281374238568,0.0,0.0,209.3036072312181,0.0,16.970562748477164,0.0,0.0,200.8183258569795,0.0,0.0,11.313708498984752,11.313708498984752,0.0,0.0,0.0,0.0,0.0,0.0,192.33304448274095,0.0,0.0,200.8183258569795,0.0,0.0,8.485281374238568,0.0,0.0,8.485281374238568,0.0,0.0,217.7888886054567,0.0,2.828427124746156,0.0,14.142135623730951,0.0,22.627416997969533,0.0,237.58787847867998,0.0,0.0,8.485281374238568,0.0,0.0,192.33304448274095,0.0,0.0,766.5037508062176,0.0,789.131167804187,0.0,789.131167804187,0.0,152.73506473629425,0.0,0.0,0.0,0.0,271.52900397563417,905.0966799187809,0.0,0.0,271.52900397563417,0.0,0.0,271.52900397563417,14.142135623730951,0.0,0.0,557.2001435749995,0.0,0.0,8.485281374238568,0.0,0.0,8.485281374238568,0.0,0.0,0.0,press_key
