spectral_feature_1,spectral_feature_2,spectral_feature_3,spectral_feature_4,spectral_feature_5,spectral_feature_6,spectral_feature_7,spectral_feature_8,spectral_feature_9,spectral_feature_10,spectral_feature_11,spectral_feature_12,spectral_feature_13,spectral_feature_14,spectral_feature_15,spectral_feature_16,spectral_feature_17,spectral_feature_18,spectral_feature_19,spectral_feature_20,spectral_feature_21,spectral_feature_22,spectral_feature_23,spectral_feature_24,spectral_feature_25,spectral_feature_26,spectral_feature_27,spectral_feature_28,spectral_feature_29,spectral_feature_30,spectral_feature_31,spectral_feature_32,spectral_feature_33,spectral_feature_34,spectral_feature_35,spectral_feature_36,spectral_feature_37,spectral_feature_38,spectral_feature_39,spectral_feature_40,spectral_feature_41,spectral_feature_42,spectral_feature_43,spectral_feature_44,spectral_feature_45,spectral_feature_46,spectral_feature_47,spectral_feature_48,spectral_feature_49,spectral_feature_50,spectral_feature_51,spectral_feature_52,spectral_feature_53,spectral_feature_54,spectral_feature_55,spectral_feature_56,spectral_feature_57,spectral_feature_58,spectral_feature_59,spectral_feature_60,spectral_feature_61,spectral_feature_62,spectral_feature_63,spectral_feature_64,spectral_feature_65,spectral_feature_66,spectral_feature_67,spectral_feature_68,spectral_feature_69,spectral_feature_70,spectral_feature_71,spectral_feature_72,spectral_feature_73,spectral_feature_74,spectral_feature_75,spectral_feature_76,spectral_feature_77,spectral_feature_78,spectral_feature_79,spectral_feature_80,spectral_feature_81,spectral_feature_82,spectral_feature_83,spectral_feature_84,spectral_feature_85,spectral_feature_86,spectral_feature_87,spectral_feature_88,spectral_feature_89,spectral_feature_90,spectral_feature_91,spectral_feature_92,spectral_feature_93,spectral_feature_94,spectral_feature_95,spectral_feature_96,spectral_feature_97,spectral_feature_98,spectral_feature_99,spectral_feature_100,spectral_feature_101,spectral_feature_102,spectral_feature_103,spectral_feature_104,spectral_feature_105,spectral_feature_106,spectral_feature_107,spectral_feature_108,spectral_feature_109,spectral_feature_110,spectral_feature_111,spectral_feature_112,spectral_feature_113,spectral_feature_114,spectral_feature_115,spectral_feature_116,spectral_feature_117,spectral_feature_118,spectral_feature_119,spectral_feature_120,spectral_feature_121,spectral_feature_122,spectral_feature_123,spectral_feature_124,spectral_feature_125,spectral_feature_126,spectral_feature_127,spectral_feature_128,spectral_feature_129,spectral_feature_130,spectral_feature_131,spectral_feature_132,spectral_feature_133,spectral_feature_134,spectral_feature_135,spectral_feature_136,spectral_feature_137,spectral_feature_138,spectral_feature_139,spectral_feature_140,spectral_feature_141,spectral_feature_142,spectral_feature_143,spectral_feature_144,spectral_feature_145,spectral_feature_146,spectral_feature_147,spectral_feature_148,spectral_feature_149,spectral_feature_150,spectral_feature_151,spectral_feature_152,spectral_feature_153,spectral_feature_154,spectral_feature_155,spectral_feature_156,spectral_feature_157,spectral_feature_158,spectral_feature_159,spectral_feature_160,spectral_feature_161,spectral_feature_162,spectral_feature_163,spectral_feature_164,spectral_feature_165,spectral_feature_166,spectral_feature_167,spectral_feature_168,spectral_feature_169,spectral_feature_170,spectral_feature_171,spectral_feature_172,spectral_feature_173,spectral_feature_174,spectral_feature_175,spectral_feature_176,spectral_feature_177,spectral_feature_178,spectral_feature_179,spectral_feature_180,spectral_feature_181,spectral_feature_182,spectral_feature_183,spectral_feature_184,spectral_feature_185,spectral_feature_186,spectral_feature_187,spectral_feature_188,spectral_feature_189,spectral_feature_190,spectral_feature_191,spectral_feature_192,spectral_feature_193,spectral_feature_194,spectral_feature_195,spectral_feature_196,spectral_feature_197,spectral_feature_198,spectral_feature_199,spectral_feature_200,spectral_feature_201,spectral_feature_202,spectral_feature_203,spectral_feature_204,spectral_feature_205,spectral_feature_206,spectral_feature_207,spectral_feature_208,spectral_feature_209,spectral_feature_210,spectral_feature_211,spectral_feature_212,spectral_feature_213,spectral_feature_214,spectral_feature_215,spectral_feature_216,spectral_feature_217,spectral_feature_218,spectral_feature_219,spectral_feature_220,spectral_feature_221,spectral_feature_222,spectral_feature_223,spectral_feature_224,spectral_feature_225,spectral_feature_226,spectral_feature_227,spectral_feature_228,spectral_feature_229,spectral_feature_230,spectral_feature_231,spectral_feature_232,spectral_feature_233,spectral_feature_234,spectral_feature_235,spectral_feature_236,spectral_feature_237,spectral_feature_238,spectral_feature_239,spectral_feature_240,spectral_feature_241,spectral_feature_242,spectral_feature_243,spectral_feature_244,spectral_feature_245,spectral_feature_246,spectral_feature_247,spectral_feature_248,spectral_feature_249,spectral_feature_250,spectral_feature_251,spectral_feature_252,spectral_feature_253,spectral_feature_254,spectral_feature_255,spectral_feature_256,spectral_feature_257,spectral_feature_258,spectral_feature_259,spectral_feature_260,spectral_feature_261,spectral_feature_262,spectral_feature_263,spectral_feature_264,spectral_feature_265,spectral_feature_266,spectral_feature_267,spectral_feature_268,spectral_feature_269,spectral_feature_270,spectral_feature_271,spectral_feature_272,spectral_feature_273,spectral_feature_274,spectral_feature_275,spectral_feature_276,spectral_feature_277,spectral_feature_278,spectral_feature_279,spectral_feature_280,spectral_feature_281,spectral_feature_282,spectral_feature_283,spectral_feature_284,spectral_feature_285,spectral_feature_286,spectral_feature_287,spectral_feature_288,spectral_feature_289,spectral_feature_290,spectral_feature_291,spectral_feature_292,spectral_feature_293,spectral_feature_294,spectral_feature_295,spectral_feature_296,spectral_feature_297,spectral_feature_298,spectral_feature_299,spectral_feature_300,spectral_feature_301,spectral_feature_302,spectral_feature_303,spectral_feature_304,spectral_feature_305,spectral_feature_306,spectral_feature_307,spectral_feature_308,spectral_feature_309,spectral_feature_310,spectral_feature_311,spectral_feature_312,spectral_feature_313,spectral_feature_314,spectral_feature_315,spectral_feature_316,spectral_feature_317,spectral_feature_318,spectral_feature_319,spectral_feature_320,spectral_feature_321,spectral_feature_322,spectral_feature_323,spectral_feature_324,spectral_feature_325,spectral_feature_326,spectral_feature_327,spectral_feature_328,spectral_feature_329,spectral_feature_330,spectral_feature_331,spectral_feature_332,spectral_feature_333,spectral_feature_334,spectral_feature_335,spectral_feature_336,spectral_feature_337,spectral_feature_338,spectral_feature_339,spectral_feature_340,spectral_feature_341,spectral_feature_342,spectral_feature_343,spectral_feature_344,spectral_feature_345,spectral_feature_346,spectral_feature_347,spectral_feature_348,spectral_feature_349,spectral_feature_350,spectral_feature_351,spectral_feature_352,spectral_feature_353,spectral_feature_354,spectral_feature_355,spectral_feature_356,spectral_feature_357,spectral_feature_358,spectral_feature_359,spectral_feature_360,spectral_feature_361,spectral_feature_362,spectral_feature_363,spectral_feature_364,spectral_feature_365,spectral_feature_366,spectral_feature_367,spectral_feature_368,spectral_feature_369,spectral_feature_370,spectral_feature_371,spectral_feature_372,spectral_feature_373,spectral_feature_374,spectral_feature_375,spectral_feature_376,spectral_feature_377,spectral_feature_378,spectral_feature_379,spectral_feature_380,spectral_feature_381,spectral_feature_382,spectral_feature_383,spectral_feature_384,spectral_feature_385,spectral_feature_386,spectral_feature_387,spectral_feature_388,spectral_feature_389,spectral_feature_390,spectral_feature_391,spectral_feature_392,spectral_feature_393,spectral_feature_394,spectral_feature_395,spectral_feature_396,spectral_feature_397,spectral_feature_398,spectral_feature_399,spectral_feature_400,spectral_feature_401,spectral_feature_402,spectral_feature_403,spectral_feature_404,spectral_feature_405,spectral_feature_406,spectral_feature_407,spectral_feature_408,spectral_feature_409,spectral_feature_410,spectral_feature_411,spectral_feature_412,spectral_feature_413,spectral_feature_414,spectral_feature_415,spectral_feature_416,spectral_feature_417,spectral_feature_418,spectral_feature_419,spectral_feature_420,spectral_feature_421,spectral_feature_422,spectral_feature_423,spectral_feature_424,spectral_feature_425,spectral_feature_426,spectral_feature_427,spectral_feature_428,spectral_feature_429,spectral_feature_430,spectral_feature_431,spectral_feature_432,spectral_feature_433,spectral_feature_434,spectral_feature_435,spectral_feature_436,spectral_feature_437,spectral_feature_438,spectral_feature_439,spectral_feature_440,spectral_feature_441,spectral_feature_442,spectral_feature_443,spectral_feature_444,spectral_feature_445,spectral_feature_446,spectral_feature_447,spectral_feature_448,spectral_feature_449,spectral_feature_450,spectral_feature_451,spectral_feature_452,spectral_feature_453,spectral_feature_454,spectral_feature_455,spectral_feature_456,spectral_feature_457,spectral_feature_458,spectral_feature_459,spectral_feature_460,spectral_feature_461,spectral_feature_462,spectral_feature_463,spectral_feature_464,spectral_feature_465,spectral_feature_466,spectral_feature_467,spectral_feature_468,spectral_feature_469,spectral_feature_470,spectral_feature_471,spectral_feature_472,spectral_feature_473,spectral_feature_474,spectral_feature_475,spectral_feature_476,spectral_feature_477,spectral_feature_478,spectral_feature_479,spectral_feature_480,spectral_feature_481,spectral_feature_482,spectral_feature_483,spectral_feature_484,spectral_feature_485,spectral_feature_486,spectral_feature_487,spectral_feature_488,spectral_feature_489,spectral_feature_490,spectral_feature_491,spectral_feature_492,spectral_feature_493,spectral_feature_494,spectral_feature_495,spectral_feature_496,spectral_feature_497,spectral_feature_498,spectral_feature_499,spectral_feature_500,spectral_feature_501,spectral_feature_502,spectral_feature_503,spectral_feature_504,spectral_feature_505,spectral_feature_506,spectral_feature_507,spectral_feature_508,spectral_feature_509,spectral_feature_510,spectral_feature_511,spectral_feature_512,spectral_feature_513,spectral_feature_514,spectral_feature_515,spectral_feature_516,spectral_feature_517,spectral_feature_518,spectral_feature_519,spectral_feature_520,spectral_feature_521,spectral_feature_522,spectral_feature_523,spectral_feature_524,spectral_feature_525,spectral_feature_526,spectral_feature_527,spectral_feature_528,spectral_feature_529,spectral_feature_530,spectral_feature_531,spectral_feature_532,spectral_feature_533,spectral_feature_534,spectral_feature_535,spectral_feature_536,spectral_feature_537,spectral_feature_538,spectral_feature_539,spectral_feature_540,spectral_feature_541,spectral_feature_542,spectral_feature_543,spectral_feature_544,spectral_feature_545,spectral_feature_546,spectral_feature_547,spectral_feature_548,spectral_feature_549,spectral_feature_550,spectral_feature_551,spectral_feature_552,spectral_feature_553,spectral_feature_554,spectral_feature_555,spectral_feature_556,spectral_feature_557,spectral_feature_558,spectral_feature_559,spectral_feature_560,spectral_feature_561,spectral_feature_562,spectral_feature_563,spectral_feature_564,spectral_feature_565,spectral_feature_566,spectral_feature_567,spectral_feature_568,spectral_feature_569,spectral_feature_570,spectral_feature_571,spectral_feature_572,spectral_feature_573,spectral_feature_574,spectral_feature_575,spectral_feature_576,spectral_feature_577,spectral_feature_578,spectral_feature_579,spectral_feature_580,spectral_feature_581,spectral_feature_582,spectral_feature_583,spectral_feature_584,spectral_feature_585,spectral_feature_586,spectral_feature_587,spectral_feature_588,spectral_feature_589,spectral_feature_590,spectral_feature_591,spectral_feature_592,spectral_feature_593,spectral_feature_594,spectral_feature_595,spectral_feature_596,spectral_feature_597,spectral_feature_598,spectral_feature_599,spectral_feature_600,spectral_feature_601,spectral_feature_602,spectral_feature_603,spectral_feature_604,spectral_feature_605,spectral_feature_606,wavelet_feature_1,wavelet_feature_2,wavelet_feature_3,wavelet_feature_4,wavelet_feature_5,wavelet_feature_6,wavelet_feature_7,wavelet_feature_8,wavelet_feature_9,wavelet_feature_10,wavelet_feature_11,wavelet_feature_12,wavelet_feature_13,wavelet_feature_14,wavelet_feature_15,wavelet_feature_16,wavelet_feature_17,wavelet_feature_18,wavelet_feature_19,wavelet_feature_20,wavelet_feature_21,wavelet_feature_22,wavelet_feature_23,wavelet_feature_24,wavelet_feature_25,wavelet_feature_26,wavelet_feature_27,wavelet_feature_28,wavelet_feature_29,wavelet_feature_30,wavelet_feature_31,wavelet_feature_32,wavelet_feature_33,wavelet_feature_34,wavelet_feature_35,wavelet_feature_36,wavelet_feature_37,wavelet_feature_38,wavelet_feature_39,wavelet_feature_40,wavelet_feature_41,wavelet_feature_42,wavelet_feature_43,wavelet_feature_44,wavelet_feature_45,wavelet_feature_46,wavelet_feature_47,wavelet_feature_48,wavelet_feature_49,wavelet_feature_50,wavelet_feature_51,wavelet_feature_52,wavelet_feature_53,wavelet_feature_54,wavelet_feature_55,wavelet_feature_56,wavelet_feature_57,wavelet_feature_58,wavelet_feature_59,wavelet_feature_60,wavelet_feature_61,wavelet_feature_62,wavelet_feature_63,wavelet_feature_64,wavelet_feature_65,wavelet_feature_66,wavelet_feature_67,wavelet_feature_68,wavelet_feature_69,wavelet_feature_70,wavelet_feature_71,wavelet_feature_72,wavelet_feature_73,wavelet_feature_74,wavelet_feature_75,wavelet_feature_76,wavelet_feature_77,wavelet_feature_78,wavelet_feature_79,wavelet_feature_80,wavelet_feature_81,wavelet_feature_82,wavelet_feature_83,wavelet_feature_84,wavelet_feature_85,wavelet_feature_86,wavelet_feature_87,wavelet_feature_88,wavelet_feature_89,wavelet_feature_90,wavelet_feature_91,wavelet_feature_92,wavelet_feature_93,wavelet_feature_94,wavelet_feature_95,wavelet_feature_96,wavelet_feature_97,wavelet_feature_98,wavelet_feature_99,wavelet_feature_100,wavelet_feature_101,wavelet_feature_102,wavelet_feature_103,wavelet_feature_104,wavelet_feature_105,wavelet_feature_106,wavelet_feature_107,wavelet_feature_108,wavelet_feature_109,wavelet_feature_110,wavelet_feature_111,wavelet_feature_112,wavelet_feature_113,wavelet_feature_114,wavelet_feature_115,wavelet_feature_116,wavelet_feature_117,wavelet_feature_118,wavelet_feature_119,wavelet_feature_120,wavelet_feature_121,wavelet_feature_122,wavelet_feature_123,wavelet_feature_124,wavelet_feature_125,wavelet_feature_126,wavelet_feature_127,wavelet_feature_128,wavelet_feature_129,wavelet_feature_130,wavelet_feature_131,wavelet_feature_132,wavelet_feature_133,wavelet_feature_134,wavelet_feature_135,wavelet_feature_136,wavelet_feature_137,wavelet_feature_138,wavelet_feature_139,wavelet_feature_140,wavelet_feature_141,wavelet_feature_142,wavelet_feature_143,wavelet_feature_144,wavelet_feature_145,wavelet_feature_146,wavelet_feature_147,wavelet_feature_148,wavelet_feature_149,wavelet_feature_150,wavelet_feature_151,wavelet_feature_152,wavelet_feature_153,wavelet_feature_154,wavelet_feature_155,wavelet_feature_156,wavelet_feature_157,wavelet_feature_158,wavelet_feature_159,wavelet_feature_160,wavelet_feature_161,wavelet_feature_162,wavelet_feature_163,wavelet_feature_164,wavelet_feature_165,wavelet_feature_166,wavelet_feature_167,wavelet_feature_168,wavelet_feature_169,wavelet_feature_170,wavelet_feature_171,wavelet_feature_172,wavelet_feature_173,wavelet_feature_174,wavelet_feature_175,wavelet_feature_176,wavelet_feature_177,wavelet_feature_178,wavelet_feature_179,wavelet_feature_180,wavelet_feature_181,wavelet_feature_182,wavelet_feature_183,wavelet_feature_184,wavelet_feature_185,wavelet_feature_186,wavelet_feature_187,wavelet_feature_188,wavelet_feature_189,wavelet_feature_190,wavelet_feature_191,wavelet_feature_192,wavelet_feature_193,wavelet_feature_194,wavelet_feature_195,wavelet_feature_196,wavelet_feature_197,wavelet_feature_198,wavelet_feature_199,wavelet_feature_200,wavelet_feature_201,wavelet_feature_202,wavelet_feature_203,wavelet_feature_204,wavelet_feature_205,wavelet_feature_206,wavelet_feature_207,wavelet_feature_208,wavelet_feature_209,wavelet_feature_210,wavelet_feature_211,wavelet_feature_212,wavelet_feature_213,wavelet_feature_214,wavelet_feature_215,wavelet_feature_216,wavelet_feature_217,wavelet_feature_218,wavelet_feature_219,wavelet_feature_220,wavelet_feature_221,wavelet_feature_222,wavelet_feature_223,wavelet_feature_224,wavelet_feature_225,wavelet_feature_226,wavelet_feature_227,wavelet_feature_228,wavelet_feature_229,wavelet_feature_230,wavelet_feature_231,wavelet_feature_232,wavelet_feature_233,wavelet_feature_234,wavelet_feature_235,wavelet_feature_236,wavelet_feature_237,wavelet_feature_238,wavelet_feature_239,wavelet_feature_240,wavelet_feature_241,wavelet_feature_242,wavelet_feature_243,wavelet_feature_244,wavelet_feature_245,wavelet_feature_246,wavelet_feature_247,wavelet_feature_248,wavelet_feature_249,wavelet_feature_250,wavelet_feature_251,wavelet_feature_252,wavelet_feature_253,wavelet_feature_254,wavelet_feature_255,wavelet_feature_256,wavelet_feature_257,wavelet_feature_258,wavelet_feature_259,wavelet_feature_260,wavelet_feature_261,wavelet_feature_262,wavelet_feature_263,wavelet_feature_264,wavelet_feature_265,wavelet_feature_266,wavelet_feature_267,wavelet_feature_268,wavelet_feature_269,wavelet_feature_270,wavelet_feature_271,wavelet_feature_272,wavelet_feature_273,wavelet_feature_274,wavelet_feature_275,wavelet_feature_276,wavelet_feature_277,wavelet_feature_278,wavelet_feature_279,wavelet_feature_280,wavelet_feature_281,wavelet_feature_282,wavelet_feature_283,wavelet_feature_284,wavelet_feature_285,wavelet_feature_286,wavelet_feature_287,wavelet_feature_288,wavelet_feature_289,wavelet_feature_290,wavelet_feature_291,wavelet_feature_292,wavelet_feature_293,wavelet_feature_294,wavelet_feature_295,wavelet_feature_296,wavelet_feature_297,wavelet_feature_298,wavelet_feature_299,wavelet_feature_300,wavelet_feature_301,wavelet_feature_302,wavelet_feature_303,wavelet_feature_304,wavelet_feature_305,wavelet_feature_306,wavelet_feature_307,wavelet_feature_308,wavelet_feature_309,wavelet_feature_310,wavelet_feature_311,wavelet_feature_312,wavelet_feature_313,wavelet_feature_314,wavelet_feature_315,wavelet_feature_316,wavelet_feature_317,wavelet_feature_318,wavelet_feature_319,wavelet_feature_320,wavelet_feature_321,wavelet_feature_322,wavelet_feature_323,wavelet_feature_324,wavelet_feature_325,wavelet_feature_326,wavelet_feature_327,wavelet_feature_328,wavelet_feature_329,wavelet_feature_330,wavelet_feature_331,wavelet_feature_332,wavelet_feature_333,wavelet_feature_334,wavelet_feature_335,wavelet_feature_336,wavelet_feature_337,wavelet_feature_338,wavelet_feature_339,wavelet_feature_340,wavelet_feature_341,wavelet_feature_342,wavelet_feature_343,wavelet_feature_344,wavelet_feature_345,wavelet_feature_346,wavelet_feature_347,wavelet_feature_348,wavelet_feature_349,wavelet_feature_350,wavelet_feature_351,wavelet_feature_352,wavelet_feature_353,wavelet_feature_354,wavelet_feature_355,wavelet_feature_356,wavelet_feature_357,wavelet_feature_358,wavelet_feature_359,wavelet_feature_360,wavelet_feature_361,wavelet_feature_362,wavelet_feature_363,wavelet_feature_364,wavelet_feature_365,wavelet_feature_366,wavelet_feature_367,wavelet_feature_368,wavelet_feature_369,wavelet_feature_370,wavelet_feature_371,wavelet_feature_372,wavelet_feature_373,wavelet_feature_374,wavelet_feature_375,wavelet_feature_376,wavelet_feature_377,wavelet_feature_378,wavelet_feature_379,wavelet_feature_380,wavelet_feature_381,wavelet_feature_382,wavelet_feature_383,wavelet_feature_384,wavelet_feature_385,wavelet_feature_386,wavelet_feature_387,wavelet_feature_388,wavelet_feature_389,wavelet_feature_390,wavelet_feature_391,wavelet_feature_392,wavelet_feature_393,wavelet_feature_394,wavelet_feature_395,wavelet_feature_396,wavelet_feature_397,wavelet_feature_398,wavelet_feature_399,wavelet_feature_400,wavelet_feature_401,wavelet_feature_402,wavelet_feature_403,wavelet_feature_404,wavelet_feature_405,wavelet_feature_406,wavelet_feature_407,wavelet_feature_408,wavelet_feature_409,wavelet_feature_410,wavelet_feature_411,wavelet_feature_412,wavelet_feature_413,wavelet_feature_414,wavelet_feature_415,wavelet_feature_416,wavelet_feature_417,wavelet_feature_418,wavelet_feature_419,wavelet_feature_420,wavelet_feature_421,wavelet_feature_422,wavelet_feature_423,wavelet_feature_424,wavelet_feature_425,wavelet_feature_426,wavelet_feature_427,wavelet_feature_428,wavelet_feature_429,wavelet_feature_430,wavelet_feature_431,wavelet_feature_432,wavelet_feature_433,wavelet_feature_434,wavelet_feature_435,wavelet_feature_436,wavelet_feature_437,wavelet_feature_438,wavelet_feature_439,wavelet_feature_440,wavelet_feature_441,wavelet_feature_442,wavelet_feature_443,wavelet_feature_444,wavelet_feature_445,wavelet_feature_446,wavelet_feature_447,wavelet_feature_448,wavelet_feature_449,wavelet_feature_450,wavelet_feature_451,wavelet_feature_452,wavelet_feature_453,wavelet_feature_454,wavelet_feature_455,wavelet_feature_456,wavelet_feature_457,wavelet_feature_458,wavelet_feature_459,wavelet_feature_460,wavelet_feature_461,wavelet_feature_462,wavelet_feature_463,wavelet_feature_464,wavelet_feature_465,wavelet_feature_466,wavelet_feature_467,wavelet_feature_468,wavelet_feature_469,wavelet_feature_470,wavelet_feature_471,wavelet_feature_472,wavelet_feature_473,wavelet_feature_474,wavelet_feature_475,wavelet_feature_476,wavelet_feature_477,wavelet_feature_478,wavelet_feature_479,wavelet_feature_480,wavelet_feature_481,wavelet_feature_482,wavelet_feature_483,wavelet_feature_484,wavelet_feature_485,wavelet_feature_486,wavelet_feature_487,wavelet_feature_488,wavelet_feature_489,wavelet_feature_490,wavelet_feature_491,wavelet_feature_492,wavelet_feature_493,wavelet_feature_494,wavelet_feature_495,wavelet_feature_496,wavelet_feature_497,wavelet_feature_498,wavelet_feature_499,wavelet_feature_500,wavelet_feature_501,wavelet_feature_502,wavelet_feature_503,wavelet_feature_504,wavelet_feature_505,wavelet_feature_506,wavelet_feature_507,wavelet_feature_508,wavelet_feature_509,wavelet_feature_510,wavelet_feature_511,wavelet_feature_512,wavelet_feature_513,wavelet_feature_514,wavelet_feature_515,wavelet_feature_516,wavelet_feature_517,wavelet_feature_518,wavelet_feature_519,wavelet_feature_520,wavelet_feature_521,wavelet_feature_522,wavelet_feature_523,wavelet_feature_524,wavelet_feature_525,wavelet_feature_526,wavelet_feature_527,wavelet_feature_528,wavelet_feature_529,wavelet_feature_530,wavelet_feature_531,wavelet_feature_532,wavelet_feature_533,wavelet_feature_534,wavelet_feature_535,wavelet_feature_536,wavelet_feature_537,wavelet_feature_538,wavelet_feature_539,wavelet_feature_540,wavelet_feature_541,wavelet_feature_542,wavelet_feature_543,wavelet_feature_544,wavelet_feature_545,wavelet_feature_546,wavelet_feature_547,wavelet_feature_548,wavelet_feature_549,wavelet_feature_550,wavelet_feature_551,wavelet_feature_552,wavelet_feature_553,wavelet_feature_554,wavelet_feature_555,wavelet_feature_556,wavelet_feature_557,wavelet_feature_558,wavelet_feature_559,wavelet_feature_560,wavelet_feature_561,wavelet_feature_562,wavelet_feature_563,wavelet_feature_564,wavelet_feature_565,wavelet_feature_566,wavelet_feature_567,wavelet_feature_568,wavelet_feature_569,wavelet_feature_570,wavelet_feature_571,wavelet_feature_572,wavelet_feature_573,wavelet_feature_574,wavelet_feature_575,wavelet_feature_576,wavelet_feature_577,wavelet_feature_578,wavelet_feature_579,wavelet_feature_580,wavelet_feature_581,wavelet_feature_582,wavelet_feature_583,wavelet_feature_584,wavelet_feature_585,wavelet_feature_586,wavelet_feature_587,wavelet_feature_588,wavelet_feature_589,wavelet_feature_590,wavelet_feature_591,wavelet_feature_592,wavelet_feature_593,wavelet_feature_594,wavelet_feature_595,wavelet_feature_596,wavelet_feature_597,wavelet_feature_598,wavelet_feature_599,wavelet_feature_600,wavelet_feature_601,wavelet_feature_602,wavelet_feature_603,wavelet_feature_604,wavelet_feature_605,wavelet_feature_606,wavelet_feature_607,Class
86189.0,314.1894560116879,718.2648265875542,716.4432037478507,512.1456225932797,411.804382180455,224.52338149132402,382.6800287382631,391.1458409265031,476.4860023920545,780.461824500312,622.9265216549891,591.4819475214897,741.4478523564267,329.9927123205597,184.4152221174382,1415.5001777226569,602.2186876388761,1225.6830697612577,226.98193878351438,403.52278811147545,574.4858891864856,135.21144006758797,647.2353729438985,332.261970844267,945.9668353001473,592.7413261496325,626.8762347668687,1049.1055176447624,601.2765666727795,141.75724967642674,201.1129110348588,406.3001650639076,256.3205813123303,268.50335362007087,273.80745691997197,300.4624528244166,150.20577419176854,246.902533005403,426.9402557309212,285.6936404222563,302.0173882132543,146.51638479827133,230.44844841556363,483.6863117609506,576.3710730490244,474.0389706549345,533.1661573751641,576.8965300996304,195.30861087491053,427.6844076116195,481.65631863578784,193.335212058545,211.78589618275672,16.0025550684766,192.3075271688812,104.22072064138112,539.8351045432571,173.37424383037566,89.02920872963809,194.4839822538301,181.6612873416673,333.6532443012469,44.195354543807746,111.81815116637138,170.89894792652836,192.15658496076762,285.2897818378828,943.6103293577956,322.9382888465813,424.5568553779708,354.18161932164037,190.00237059499722,471.840691825207,563.02642893394,507.6165899265267,250.6683633748024,203.32905031571642,417.47037026548645,142.77933828981025,74.66209182363137,60.491701818707696,386.97971205837763,291.4834698253743,683.0914051136285,434.84779374581524,344.82308844450785,239.09605181391885,195.2840530876936,305.57101848401254,353.666289251422,47.69582620358342,196.52136457747292,404.56080988807025,164.4325664162684,397.5586504952433,149.7510714117452,407.1700837986789,175.76302855208212,393.37443141484243,232.93616040918997,209.838032777664,661.0110802164845,165.0616946253664,292.846617532568,417.08452229477535,110.1752342772302,205.04182661349265,336.92457733363324,238.21436675660888,195.26852933096148,196.78873190564278,249.8369459544858,199.82292068046112,180.23848527102382,255.63012577124363,166.25236293386814,42.97739240384155,84.42186520659196,71.37314045837628,147.97016674356595,160.5694452294752,282.3138604130389,175.46430723271723,262.7558420004635,275.1873057027953,304.1981528129422,361.55372840473433,142.9464227985275,95.39039908982832,375.00113322919105,245.84246885121797,56.35167647379953,14.707194510159061,48.85621786463195,152.01504950692728,349.52683283936614,145.13184948127784,147.0890735692507,144.29976898910627,39.884495236681865,535.4154779645629,222.59947987917192,144.51683757880687,102.35214344072071,107.92342344870146,123.6775910806463,30.45849996109846,65.87071926762005,109.07440706923869,183.50724943532114,110.24929186047419,431.2670091763829,235.70092866421837,264.3649226344929,151.13660890160412,207.70060439040316,413.59228924301925,68.03174816009674,600.9884200109791,157.72608405531864,176.17175653908257,137.52589063204047,27.279432767483673,524.448439929503,291.07414932460046,243.5743578051663,97.54170461859718,125.58787161444015,192.50163235569886,410.9511134384686,171.37770718924128,212.45123704633443,243.1884045290469,158.44222246338578,149.0481586852899,45.11326606379488,149.742442061146,159.54268149543904,113.6898512951087,328.9352824867068,342.35800499171546,381.9616812174102,193.03919790480134,394.6018936326564,259.8640647860131,206.0030871980492,484.2903909131407,434.9783500653694,448.4808472189697,337.8572985045031,32.81310868485678,407.55125449753,874.393692978195,204.64740626360867,345.3397979384486,41.58186083787877,766.4690251589994,2760.7173938037945,1245.369555048997,574.2401050092116,1131.5462537204655,799.3021956681965,347.1039774782511,984.098132549796,645.4219528042195,902.9239804916708,1259.5634340281717,348.03305812679093,2486.147700122761,1887.387210571436,1270.3458156146307,656.7728772646544,504.43074685788577,1183.9130503036602,989.0552255312862,841.3003536126578,237.70300332628662,295.46579902815205,752.5086721219312,316.0788361522924,535.5507243401572,230.77238045898517,834.5690838397257,545.645985795224,1166.6985166754882,794.1888909430533,1155.8918670060968,677.3433464634606,729.1636859891292,812.3340936362557,397.2303742183268,130.09937616630455,546.045039820003,741.7406560003384,257.8973661912212,372.8400859407302,541.3694346648738,136.90001410050013,248.8921632827871,344.059262996905,92.26483002266603,399.8480221575881,972.908993407815,707.0846199602174,863.2544356193195,933.651769140102,553.825577008314,334.3009730200065,767.1966313174598,230.41175262035674,492.2676467539731,483.78881885744846,402.9088003345823,365.3637294542207,560.3457305586265,443.4016746799893,267.488726639473,408.6793708722754,292.2410327462048,288.85863627880417,115.66753175771515,477.27291966531214,467.5950983850862,176.26247546977632,87.65404623775262,1103.0682068239792,768.9776234482658,381.4269432986995,315.74779877786136,220.21553568255854,241.86512780522477,845.632569606994,342.0895215036222,359.9308296932082,253.2986567113823,220.63631193822044,921.2726904802907,656.6064097725694,444.63946164625526,115.58058240300028,221.113179823251,724.6890858258355,956.9919642846162,564.6798107840957,737.2536980411764,774.2594065763136,705.079388304757,278.95475559125526,201.35918717648346,738.7914962996603,958.3000091870902,575.9596661911896,1085.9525277934251,930.4846141269817,1211.2704118842298,311.81035056848407,126.60359543852314,391.28623633320814,815.1675025311489,207.70532661713509,297.2393921775295,690.0744548825396,973.0,690.0744548825396,297.2393921775295,207.70532661713509,815.1675025311489,391.28623633320814,126.60359543852314,311.81035056848407,1211.2704118842298,930.4846141269817,1085.9525277934251,575.9596661911896,958.3000091870902,738.7914962996603,201.35918717648346,278.95475559125526,705.079388304757,774.2594065763136,737.2536980411764,564.6798107840957,956.9919642846162,724.6890858258355,221.113179823251,115.58058240300028,444.63946164625526,656.6064097725694,921.2726904802907,220.63631193822044,253.2986567113823,359.9308296932082,342.0895215036222,845.632569606994,241.86512780522477,220.21553568255854,315.74779877786136,381.4269432986995,768.9776234482658,1103.0682068239792,87.65404623775262,176.26247546977632,467.5950983850862,477.27291966531214,115.66753175771515,288.85863627880417,292.2410327462048,408.6793708722754,267.488726639473,443.4016746799893,560.3457305586265,365.3637294542207,402.9088003345823,483.78881885744846,492.2676467539731,230.41175262035674,767.1966313174598,334.3009730200065,553.825577008314,933.651769140102,863.2544356193195,707.0846199602174,972.908993407815,399.8480221575881,92.26483002266603,344.059262996905,248.8921632827871,136.90001410050013,541.3694346648738,372.8400859407302,257.8973661912212,741.7406560003384,546.045039820003,130.09937616630455,397.2303742183268,812.3340936362557,729.1636859891292,677.3433464634606,1155.8918670060968,794.1888909430533,1166.6985166754882,545.645985795224,834.5690838397257,230.77238045898517,535.5507243401572,316.0788361522924,752.5086721219312,295.46579902815205,237.70300332628662,841.3003536126578,989.0552255312862,1183.9130503036602,504.43074685788577,656.7728772646544,1270.3458156146307,1887.387210571436,2486.147700122761,348.03305812679093,1259.5634340281717,902.9239804916708,645.4219528042195,984.098132549796,347.1039774782511,799.3021956681965,1131.5462537204655,574.2401050092116,1245.369555048997,2760.7173938037945,766.4690251589994,41.58186083787877,345.3397979384486,204.64740626360867,874.393692978195,407.55125449753,32.81310868485678,337.8572985045031,448.4808472189697,434.9783500653694,484.2903909131407,206.0030871980492,259.8640647860131,394.6018936326564,193.03919790480134,381.9616812174102,342.35800499171546,328.9352824867068,113.6898512951087,159.54268149543904,149.742442061146,45.11326606379488,149.0481586852899,158.44222246338578,243.1884045290469,212.45123704633443,171.37770718924128,410.9511134384686,192.50163235569886,125.58787161444015,97.54170461859718,243.5743578051663,291.07414932460046,524.448439929503,27.279432767483673,137.52589063204047,176.17175653908257,157.72608405531864,600.9884200109791,68.03174816009674,413.59228924301925,207.70060439040316,151.13660890160412,264.3649226344929,235.70092866421837,431.2670091763829,110.24929186047419,183.50724943532114,109.07440706923869,65.87071926762005,30.45849996109846,123.6775910806463,107.92342344870146,102.35214344072071,144.51683757880687,222.59947987917192,535.4154779645629,39.884495236681865,144.29976898910627,147.0890735692507,145.13184948127784,349.52683283936614,152.01504950692728,48.85621786463195,14.707194510159061,56.35167647379953,245.84246885121797,375.00113322919105,95.39039908982832,142.9464227985275,361.55372840473433,304.1981528129422,275.1873057027953,262.7558420004635,175.46430723271723,282.3138604130389,160.5694452294752,147.97016674356595,71.37314045837628,84.42186520659196,42.97739240384155,166.25236293386814,255.63012577124363,180.23848527102382,199.82292068046112,249.8369459544858,196.78873190564278,195.26852933096148,238.21436675660888,336.92457733363324,205.04182661349265,110.1752342772302,417.08452229477535,292.846617532568,165.0616946253664,661.0110802164845,209.838032777664,232.93616040918997,393.37443141484243,175.76302855208212,407.1700837986789,149.7510714117452,397.5586504952433,164.4325664162684,404.56080988807025,196.52136457747292,47.69582620358342,353.666289251422,305.57101848401254,195.2840530876936,239.09605181391885,344.82308844450785,434.84779374581524,683.0914051136285,291.4834698253743,386.97971205837763,60.491701818707696,74.66209182363137,142.77933828981025,417.47037026548645,203.32905031571642,250.6683633748024,507.6165899265267,563.02642893394,471.840691825207,190.00237059499722,354.18161932164037,424.5568553779708,322.9382888465813,943.6103293577956,285.2897818378828,192.15658496076762,170.89894792652836,111.81815116637138,44.195354543807746,333.6532443012469,181.6612873416673,194.4839822538301,89.02920872963809,173.37424383037566,539.8351045432571,104.22072064138112,192.3075271688812,16.0025550684766,211.78589618275672,193.335212058545,481.65631863578784,427.6844076116195,195.30861087491053,576.8965300996304,533.1661573751641,474.0389706549345,576.3710730490244,483.6863117609506,230.44844841556363,146.51638479827133,302.0173882132543,285.6936404222563,426.9402557309212,246.902533005403,150.20577419176854,300.4624528244166,273.80745691997197,268.50335362007087,256.3205813123303,406.3001650639076,201.1129110348588,141.75724967642674,601.2765666727795,1049.1055176447624,626.8762347668687,592.7413261496325,945.9668353001473,332.261970844267,647.2353729438985,135.21144006758797,574.4858891864856,403.52278811147545,226.98193878351438,1225.6830697612577,602.2186876388761,1415.5001777226569,184.4152221174382,329.9927123205597,741.4478523564267,591.4819475214897,622.9265216549891,780.461824500312,476.4860023920545,391.1458409265031,382.6800287382631,224.52338149132402,411.804382180455,512.1456225932797,716.4432037478507,718.2648265875542,314.1894560116879,807.3391674197408,823.249069996438,852.7707781109764,793.7273618818997,812.6424682786399,793.7273618818997,818.1225458328356,780.2923330393553,826.0774971211843,780.2923330393553,818.1225458328356,799.0306627407988,807.3391674197408,823.249069996438,799.0306627407988,807.3391674197408,790.3686046712636,775.1658088757529,775.1658088757529,37.29988270759037,42.956736957082796,13.435028842544455,13.435028842544398,5.1265241636024825,13.435028842544398,17.67766952966366,0.0,8.308504678941915,0.0,48.08326112068522,11.667261889578015,37.29988270759037,12.551145366061235,18.73832970144349,28.461047942758512,10.076271631908298,5.1265241636024825,5.1265241636024825,0.0,52.75000000000006,7.25,30.0,30.0,34.50000000000006,26.25,7.25,9.25,26.500000000000057,26.25,7.25,21.500000000000057,46.50000000000006,7.25,7.25,19.250000000000057,41.00000000000006,7.25,7.25,15.500000000000057,0.0,14.25,12.25,0.25000000000005684,0.0,14.25,46.50000000000006,7.25,4.250000000000057,6.250000000000057,46.50000000000006,21.5,7.25,7.25,0.0,7.25,0.0,10.253048327204937,10.253048327204937,46.669047558312144,10.253048327204937,10.253048327204937,0.0,37.12310601229376,51.972348417211265,1.767766952966383,37.12310601229376,0.0,8.485281374238525,26.870057685088824,10.253048327204937,10.253048327204937,0.0,40.6586399182265,7.0710678118654755,10.253048327204937,9.545941546018383,26.870057685088824,10.253048327204937,10.253048327204937,0.0,10.253048327204937,20.152543263816654,1.7677669529663547,10.253048327204937,0.0,10.253048327204937,10.253048327204937,0.0,13.081475451951178,0.0,13.435028842544398,32.52691193458119,0.0,10.253048327204937,10.253048327204937,0.0,8.485281374238525,26.870057685088824,10.253048327204937,10.253048327204937,0.0,40.6586399182265,7.0710678118654755,10.253048327204937,9.545941546018383,26.870057685088824,10.253048327204937,10.253048327204937,0.0,40.6586399182265,1.7677669529663547,10.253048327204937,10.253048327204937,0.0,37.12310601229376,10.606601717798213,10.253048327204937,1.4142135623730496,1.7677669529663547,10.253048327204937,10.253048327204937,33.58757210636102,0.0,10.253048327204937,10.253048327204937,0.0,10.253048327204937,10.253048327204937,0.0,10.253048327204937,10.253048327204937,10.253048327204937,0.0,14.5,14.5,0.0,27.0,12.000000000000028,0.0,14.5,14.5,0.0,14.5,14.5,0.0,23.50000000000003,9.499999999999972,12.000000000000028,18.50000000000003,16.0,23.50000000000003,0.0,14.5,14.5,33.0,26.0,52.50000000000003,14.5,0.0,14.5,14.5,0.0,14.5,14.5,0.0,18.50000000000003,24.5,14.5,0.0,14.5,27.0,40.5,52.50000000000003,14.5,0.0,14.5,14.5,0.0,14.5,14.5,0.0,14.5,14.5,33.0,26.0,52.50000000000003,14.5,0.0,14.5,14.5,0.0,14.5,14.5,0.0,14.5,14.5,33.0,24.5,14.5,14.5,0.0,9.999999999999972,11.499999999999972,2.5000000000000284,14.5,14.5,0.0,14.5,14.5,0.0,14.5,14.5,33.0,26.0,52.50000000000003,14.5,0.0,14.5,14.5,0.0,14.5,14.5,0.0,18.50000000000003,24.5,14.5,0.0,14.5,27.0,40.5,52.50000000000003,14.5,0.0,14.5,14.5,0.0,14.5,14.5,0.0,18.50000000000003,16.0,23.50000000000003,0.0,14.5,14.5,0.0,14.5,14.5,0.0,23.50000000000003,19.49999999999997,14.5,0.0,14.5,14.5,3.5,16.0,23.50000000000003,0.0,14.5,14.5,0.0,23.50000000000003,5.000000000000028,14.5,14.5,0.0,14.5,14.5,0.0,14.5,14.5,0.0,14.5,14.5,0.0,14.5,14.5,0.0,14.5,14.5,0.0,14.5,0.0,20.506096654409873,20.506096654409873,0.0,20.506096654409873,20.506096654409873,0.0,20.506096654409873,20.506096654409873,4.94974746830583,20.506096654409873,22.62741699796952,53.740115370177634,20.506096654409873,20.506096654409873,0.0,20.506096654409873,20.506096654409873,0.0,20.506096654409873,20.506096654409873,0.0,20.506096654409873,20.506096654409873,0.0,20.506096654409873,20.506096654409873,0.0,74.2462120245875,27.57716446627535,0.0,22.62741699796952,53.740115370177634,74.2462120245875,7.0710678118654755,7.0710678118654755,29.698484809834994,74.2462120245875,0.0,20.506096654409873,20.506096654409873,0.0,20.506096654409873,20.506096654409873,0.0,74.2462120245875,27.57716446627535,0.0,22.62741699796952,53.740115370177634,20.506096654409873,20.506096654409873,0.0,20.506096654409873,20.506096654409873,0.0,20.506096654409873,20.506096654409873,0.0,20.506096654409873,20.506096654409873,0.0,20.506096654409873,20.506096654409873,0.0,20.506096654409873,20.506096654409873,74.2462120245875,7.0710678118654755,14.142135623730951,20.506096654409873,20.506096654409873,0.0,20.506096654409873,20.506096654409873,0.0,20.506096654409873,20.506096654409873,4.94974746830583,20.506096654409873,22.62741699796952,53.740115370177634,20.506096654409873,20.506096654409873,0.0,20.506096654409873,20.506096654409873,0.0,20.506096654409873,20.506096654409873,0.0,20.506096654409873,20.506096654409873,0.0,20.506096654409873,20.506096654409873,0.0,20.506096654409873,20.506096654409873,0.0,20.506096654409873,20.506096654409873,0.0,74.2462120245875,27.57716446627535,0.0,22.62741699796952,53.740115370177634,20.506096654409873,20.506096654409873,0.0,20.506096654409873,20.506096654409873,0.0,20.506096654409873,20.506096654409873,0.0,20.506096654409873,20.506096654409873,0.0,20.506096654409873,20.506096654409873,0.0,20.506096654409873,20.506096654409873,0.0,20.506096654409873,20.506096654409873,0.0,74.2462120245875,27.57716446627535,14.142135623730951,20.506096654409873,0.0,20.506096654409873,20.506096654409873,0.0,20.506096654409873,20.506096654409873,0.0,26.87005768508881,31.81980515339464,7.0710678118654755,29.698484809834994,74.2462120245875,0.0,20.506096654409873,20.506096654409873,0.0,20.506096654409873,20.506096654409873,0.0,20.506096654409873,20.506096654409873,0.0,20.506096654409873,20.506096654409873,0.0,20.506096654409873,20.506096654409873,0.0,74.2462120245875,27.57716446627535,0.0,22.62741699796952,53.740115370177634,20.506096654409873,20.506096654409873,0.0,20.506096654409873,20.506096654409873,0.0,20.506096654409873,20.506096654409873,0.0,20.506096654409873,20.506096654409873,0.0,20.506096654409873,20.506096654409873,0.0,20.506096654409873,20.506096654409873,74.2462120245875,7.0710678118654755,14.142135623730951,20.506096654409873,20.506096654409873,0.0,20.506096654409873,20.506096654409873,0.0,20.506096654409873,20.506096654409873,4.94974746830583,20.506096654409873,22.62741699796952,53.740115370177634,20.506096654409873,20.506096654409873,0.0,20.506096654409873,20.506096654409873,0.0,20.506096654409873,20.506096654409873,0.0,20.506096654409873,20.506096654409873,0.0,20.506096654409873,20.506096654409873,0.0,20.506096654409873,20.506096654409873,74.2462120245875,7.0710678118654755,7.0710678118654755,29.698484809834994,74.2462120245875,0.0,20.506096654409873,20.506096654409873,0.0,20.506096654409873,20.506096654409873,0.0,20.506096654409873,20.506096654409873,0.0,20.506096654409873,20.506096654409873,0.0,20.506096654409873,20.506096654409873,0.0,74.2462120245875,27.57716446627535,14.142135623730951,20.506096654409873,0.0,20.506096654409873,20.506096654409873,0.0,20.506096654409873,20.506096654409873,0.0,26.87005768508881,31.81980515339464,7.0710678118654755,29.698484809834994,74.2462120245875,0.0,20.506096654409873,20.506096654409873,0.0,20.506096654409873,20.506096654409873,0.0,20.506096654409873,20.506096654409873,0.0,74.2462120245875,27.57716446627535,20.506096654409873,0.0,20.506096654409873,20.506096654409873,0.0,20.506096654409873,20.506096654409873,0.0,20.506096654409873,20.506096654409873,0.0,20.506096654409873,20.506096654409873,0.0,20.506096654409873,20.506096654409873,0.0,20.506096654409873,20.506096654409873,0.0,20.506096654409873,20.506096654409873,0.0,20.506096654409873,20.506096654409873,0.0,20.506096654409873,20.506096654409873,0.0,20.506096654409873,20.506096654409873,0.0,20.506096654409873,20.506096654409873,0.0,20.506096654409873,20.506096654409873,0.0,20.506096654409873,20.506096654409873,fold_cloth
